1023
1456
1141F
1273
1525
1477
849
1276
1377F
1808
675
1275
1527
982
787
1596
1183
1357
1388F
1738
865
1461
1102
1086
1124
749
1945F
1196F
1041
1245
914F
949
1631
865
1683
1616
1147
1454
1277
851
1589
1525F
977
790
1784
2881
1130F
1332
1426
1177
1298
1557
1681
1248
605
1552F
1179F
1322F
1734
1439F
1933
1579
1347F
1308
1086
1358
803
1426
1215
1642
1101
1042
944
1244F
0
28F
8
53
0
38
8
0F
63
51
263
23
415F
13
89
5
8
219F
102
0
20
72
81F
0
10
38
0
0
36
94
16
50F
141F
30
36
0
16F
10
0
25
262
8
51
88
0
20
35
402
0
64
79F
18
104
59F
10
0
30
84
0F
5F
0
117
71
81
0
0
281
0
335
155
0
93
41
0
25
26
113
51
179F
108
73F
10
0
66
38
0
58
0
33
25
102
112
0
51
0
122
77
53
0
8
0F
0
0
38
61
74
0
384
0
33
5
24F
71
58
41F
72F
43
38
13
40
16F
87
31
0
51
0
20
288
37F
30F
10
0
24F
0
0
766
690
498
567
1464
923
482
861
674
519
1017F
508
371
317
626
527
429
259
567F
458
684F
788
1558
496F
498
528
2248
192
521
882
700
887
576
705
586
408
763
858
786
527F
369
335
419
844F
768F
261
497
472F
917
380F
845
279
613
359
427
585
1002
580
486
781
578
1102
765
739
618
576F
577F
806
395
667F
1573F
617
397
200
615
714
335
683
246
579
501
456
441
455F
855
197F
536
245
2030
1189
1420
2185
2842
15F
2610F
44F
4861
2028
2423
118
3795F
0
1769
374
3
0
394F
2154F
348
493
5309
3795F
1406
1595
296
2789
2245
776
4954
2175F
1392
51
1591
2059
353
3399
1118
1020
336
2470
4397
201F
538
1210
0
13
3531
2884
3010
4473
1126
5622
5
1273
4366F
0
219F
0
2728F
41
117
169
1519
150
670F
1095F
2452
1307
1179
1704
814
12F
3000
3653
2171
3065
54
1913
458
1254
5
2443
157
345
2564
1053
3124
757
0
158
0
16
5
635
2782F
616
692
5585
165
497
1488
5834F
31
540F
528F
770
575
1172
3167
1358
330
735
674
1251
807F
2542F
1372
1663
1102
3974
0F
865
3030F
41
53
322F
1681
1338
928
2192
1967
630
1363
3887
1201
168
376
950
2292
127
298
1815
2659
212
449
4182F
1217
3662
1710F
463
471
2305
1132F
57
0
1272
389
4194F
0
275
804
60F
1259
994
735
2938F
205F
497
2103
2333
1578
288
52F
220
1416F
4363
1756F
173
158F
1642F
1735
1521
3282F
273
1517
224
2301
71
1188F
892
1100
53
2064
188
579
3012
358
328F
1385
2568
4215
2833
99
4796F
1451
2653
3896
4969
1381F
1034
4555
124
698F
180
3011
212F
455F
1505F
4257F
1096
1644
28
2474
802
839
152
5
3280
1308F
2034
327
1556
8
1432
551
160
1670F
202
1580F
2097
4107F
38
2742
1359
1299
2277
391
2926
1468
59
262
117
586
84
97F
308
48
315F
25
41
345F
129
111
19F
74
349F
79
151
252
275F
56
270
69
20
227
905F
279
350
375F
348
377
298
104
952
162
135
26
345F
377
87F
446
29
181
158
208
0
160
23
38
407F
3
401F
306F
313
5
266
359F
284
733
471
106
65
36
333F
274
400
479
66F
264
33
125
456
74
89
249
38
79F
10
203
117
56
23
20
190
125
43
234
195
145F
80
38
415
133
25
255F
24
23
430
603F
395
189
309F
407F
427
53
95
521
262F
18
68
357
19
243F
39F
0
43
599
368F
353
490
945F
122F
81
188
216
184F
622
283
318F
132F
84
51
78
135F
260
76
0
113
173
30
51
429
439
104
805
61F
134
223
485F
66F
459
615
171F
65F
65
245
359
458F
317
74
132
148
92
28
28
176
322
661
44
330
255F
56
989
837
836
992
851
817
1077
935F
956F
1014
1035
981F
1062
959F
922F
904F
849
953F
907
1046
607
866
386
293
346
302
217
163
441
211
952
384
34F
169F
487
849
1102
391
636
252F
307
218
407F
908
130F
266
628
898
817F
526
168
889
214
433F
380F
906
828
456
359
947
453
237
897
694
692
915
174
1197
856F
200
224
740
226F
1516
180
344
287
471F
644
150
147
846
698
383
697F
143
583
549
271
613F
489F
176
328
537
539
884
397
635
0
720
177
1241
1006
1234F
1020
1037
1028F
1558
1154
1048F
1026
626
1331
777
1131F
1052
1497
1090F
1097F
1032
1386
2417
1371
1681
1314
1222
1459
1368F
1285
1275
1006
1717F
1256
0
1223
863
1210
1347
1663
746
679
570
605
1543
880
1376F
1344
914
768
1245
1442
812F
1403
1680
1655F
1593
1321
1102
1227F
1230
1628
1839F
1667
888
1154
956
988
1228
588
1671
1993
1042
916
953F
1251
1228
849
1367
1519
2308
656
1378
1706
1372
1420
704
300
453
531F
450F
884F
721
752F
573
709
745F
578
239
485
947
465F
915F
977
430F
162F
71
983
667
538F
512
393F
949F
194
639
950
694
481F
930F
320F
1339
677F
335
303
142
566F
508
161
588
1264
752
180F
1096
262
363
1052F
492
920F
1164F
725F
283
243F
320F
152
159F
563F
84F
880
424F
651F
381
561
383
997F
407
784
133
1147
501
626
490
532
1200
445
571
577
1182F
600
1213
235
396
479
300
481F
463
1097
277
1040
615
369
531F
166
348F
421
353
478
1245
611
499
991F
450
431F
88
1199
366F
305
252
533
256
505
1064
519
436
712
336F
430F
909F
560
524
332F
392
293
456
307
405
445
1435
415
81F
341F
295F
499
194
493
413
458
275
343
327F
275
336
181F
1453
75
1300
263
343F
382F
322
371
531
96
216
281
405
967
346
257
385
346
439
392
201
174F
1007F
430
212
412
293
720
271
259F
382
304
389
290
586F
257
255
311F
347
356
404
367
365
381
1086F
520
258
397
353F
458
344
337F
334
127
428
758
125F
456
328
361
1699
191
369F
480
407F
399
414
311
1282
174F
444
333F
526
1055
467
247
303
300
401F
393
481F
137
281F
401
266
366
107
371
366
352
361
510
728
335
1460
270
1019
731
379
1016
436
742
232
350
407
1135F
398
1801
1212F
457
312
377
362
311
487
354
551
949
361
230
509
441F
444
380F
575
513
512
400
525
691
392
298
1537
462
395
1742
496
1202F
599F
671
1435
436
843F
444
547F
281
1061F
368F
698
459
378
1702
1644
1236
1419
1236
859F
1188
440
1441
495F
325
1125F
486
1035
495F
386
404
327
890
357
298
450
367
849
370
205
274
352F
96
170
350F
139
91F
94F
77
61
214
399
211
183
301
274
141
229
106
251F
142
126
196
187
54
100F
360
159
273
139F
305
345F
266F
77
123
282
310
192
277
173F
354
329
194F
269
23
74
194
178
68F
397
90
91
89F
172
86F
127
216
134
310
150
135
231
327
85F
165
98
339F
137
135
58
404
153
131
265
262
247
144
46
432
327
658
355
125
339
87
288F
25
299F
46
218F
101
272
298F
166
217F
32
97F
114
196
148
191
35
168
30
287
210
133
179
131
55F
455
324F
246
205
249
313F
139F
272
109
152
53
72
66F
18
46
36
137
114
69
48
84
99
66
59
41F
71F
31
86
221
76
79
74
89
55F
59
101F
107
76
97F
134F
305
168
51
243
33
302
97
73
87
118F
51
96F
55
66
54
94
52
466
28
104
305
308
156
107
167
66
63
188
280
201
84
233F
49
32
74
119
51F
19
54
41
219
54
41
362
178
219F
39F
84
56
93
775
168
122
180
43F
43
262
21
20
84
20F
89
53
160
94
84
56
73F
206
100
104
230F
18F
77F
73
153
267
122
56
756
56
68
86
44
28
39
94
43
38
44F
160
147
63
161
146F
136F
605
1062
1196F
1069F
631
875
1255
694
1643F
968
757F
1482F
808
782F
1375
1031F
449
1074
931
1154
664
736
521F
784
812F
576
576
850
934
1511
737
990
1228
2583
1920
701
1003
1011
1093
747
769
901
1029F
404
1227F
1016F
432
1488
910F
1048
1143
777
1166
766F
1029
679
1402F
1312
949
788
1334F
343
246
723
491
698F
780F
757
271F
760
187
649
856
746
431
723
868
338
254
331
750
212
301
1187
671F
905
454
392
946
296F
787
548
587
345
238
516
404
486
222
456
390F
623
1053
255
247
401F
679
707F
800F
628
266
375F
680
384F
372
813
539
680
964
652F
362
219
581
51
759
629
607
706
457F
601
690
307
345
1515F
632
1020
1091F
874
771
755F
749
982
866
800
1014
961
1238
987F
704
1108
994
863
987F
1145
857
941
974
1044
694
1235
860
803
942
734
845
763
1151
888F
751
955
986
655F
825
644
815F
1573
635
1142
819
957F
799
1035
805
1218
1020
1316F
1049
938F
1025
1002
832F
779
904
860F
795F
783F
387
555
672F
886
809
697
418
1001
588F
869F
856
645F
990
777
971
590
877F
1051F
922
1060
1107
368
1040
601F
913
1109F
736F
943F
763
1021
908
717
870
821
956
989
938F
980
935
1074
852
1001
995
1028F
875
870
1063
858
847F
843F
952
861
872
1077
915
820
937
1210
938F
1172
978
1080
987
974
911F
971
1022
908
955
401F
718
377
498
399
369
505
563
428
533
269F
281
331
495
270F
483
454
307
327F
454F
485F
496
498
448
517
332
321
304
379
249
421
471
694
368F
368
347
394
823
346
345
267
518
350
968
513
383
395F
395F
307
273
471
342
457
425
265
359F
708F
300
315F
377F
253
377F
328F
1055
360
314
389F
374
882F
305
509F
314F
352
350F
607
294
359F
231
276
842
238
251
441F
473
533
441
673F
308
847F
309
117F
50
162
245
224F
44
197
250F
58
172
110
148
163
118
154
208
112F
190
54
213
262
339F
161
191
49F
196F
151
155
187
198F
268
301
225F
59
229
13F
246F
82
199
333
119
118
63
178F
83F
251
128
143F
67
46
142
47
123
90
94
74
176F
167
110
262
270
415
106F
95
102F
207
113
224F
151
148
79
197F
87F
77
102
197
287
308
196
96F
92
26F
223F
92
47F
85
312
23
1060
156F
150F
365
138
304
79F
296
168F
65F
154
157
356
230
376
78
115
246
145
169
203
173
73F
104
353
163
183
275
261F
324F
360F
445
246F
140
134
93F
300
941
624F
774
675
828F
409
903
1200
1070F
936F
532
820
906F
1432F
1310F
2129F
947
1161
1174
1098
543
732
806F
953F
1125
660
973
424
810
467
528
1006
677F
912
499F
836
941
930
1178F
2072
753
644
1331F
446
1609F
1231F
928
392
1376
837F
339
408
1054
1248
715
657
595
800F
628F
666
921F
862
575F
1100
897
465
1133
922
890
733F
1014
572
1083
487
715
493F
770
459
86
226
200
470
239
62F
297
300
241
296F
223
175
290F
264
235F
232F
92
157
283
791
535F
2017
110
137
765F
229
229
26
344
838
384
424
199F
128
204
267
384F
331
547
359
241
458
899
38
891F
417
64
234
175
631
178F
964F
278
96
1079F
201
257
311F
351F
107
135
453
317
166
772F
525
780
335
36
222F
240F
173F
312
582
179
458F
185
225
1515
532
45F
132
517
510
101
988
1202
75
137
451
314
367F
346
0
310F
579F
91
171
180
637F
222F
1258
98
185
247F
194
109
180
336
78F
192
172F
364
231
541
520
330
651F
48
129
64
70F
174
134F
31
132F
156
365F
90F
346F
133F
206
204F
133F
18
164
173
565F
81
81F
160
30
25
113
52F
58
87
76
0
51
120
100
36
28F
58
158
62
50
757
372
53
245
68F
8
89
114
120
41
190F
306
68
214
69F
39
52F
71
274
21F
102F
138
193F
28
166
68F
141
78
86
330
72
96
117
803F
1084
66F
36
920
45
23
68
161
398
229
30
31F
46
114
283
182F
170
370
710
777
143
486F
568F
237
137
59F
66
30
73
57
97
117
15
106
358
21
92F
76
54F
299
276
209
191
693
112F
34
180F
95
66
28
604F
235
251
79
135F
21
350
36
85F
68F
151
181F
62F
8F
6
148
104F
49
75F
108
33
220
546F
427F
74
3
465
104
247F
64
44
0
293F
270
421
129
70
10
43
579
38
44
64
867
857
58
168
102
59
64
317F
293F
992
487
47
44F
241
121F
321
211
105F
110
186
97
49
74
104
29
56
86
25
34
10
21
31F
25
67
111
51
84
38
153
58
69
92
25
73F
43
26
44F
147F
44
59
267
315
114
21
80
58
41
199
56
31
146F
75
50F
56
93
66
46
29F
107
81
29
119F
25
36
182
106
54
88F
68
63F
184
178
0
66
134
109F
72
103
32
54
31
71F
101
136
67
97
84
97
54F
97
33
47F
82
18
54
120
105
5F
32F
101F
118
33
61
54
108
64F
55
66
41
43
129F
56
44
86
28
76
53
33
81
66
104
23
64
26
44F
10
205
43
26
54F
63F
18F
123
60
43
20
0
30
20
70
21
89
47
44
24F
68
31
38
51
284F
33
82
63
64
547
257
228
331
284F
167F
0
97F
214
13F
737
663F
620F
1484F
455
319F
10
157
153F
43
6
35F
388
551F
343F
348
528
390F
1278
411
10
201
107F
17F
540F
499F
763
222
201F
338
0
0F
558
338
303F
280
201F
120F
0
610
194
259F
0F
305
286F
8
72F
64
618
268F
267
93F
90
594
297
247
471F
0
78F
15
305
581
56F
90F
590
47F
758
205F
1110
678
453F
94
13
778
207
352
171
616
166
711
1017
887
856
822F
848
913
826
868
878
1065
990
912
539
932
725
697
910
821F
1079
935F
983F
922
1051
782F
1311
1071
902
1052
901
1042F
929F
802
779
868F
886
633
846
988
713
906
939
600F
684F
817F
728
586
787
800F
711
1141F
809F
977
832
868F
777
950
827
755
779F
965
876F
813F
940
822
42
0
104
38
43F
0
25
10
0
0
13
0
155F
11F
0
7F
0
105
0
71
681
0
34F
6F
61F
15
15
0
41
112
684
110
24F
15
64F
0
3
32
110
0
5
26F
28F
135F
71
10
26F
0
414
148
97
165
79
0
0
0
8
305
158
11
44
10
3
0
136F
0
188
20
20
26
109
3
0
0
0
38
36F
102
71
0
0
81
0
244
0
290F
0
13
20F
0
142
16
432
10
0F
20
8
0
18
131F
0
168
188
0
374F
58
15F
0
0
6F
0
63
46
0
25F
0
0
35
26
250
18
13
74F
0
0
227
58
0
319F
0
195
13
150
0
0
181F
0
176F
92
380
86
216F
0
3
0
127
0
18
0
30
0
423
0
451F
445F
716
753
837
794
798F
666
611
499
620F
736F
1136
723F
1086
643
1019
860F
861F
592
1542
1077
735F
1426
1389
698
638
819F
741
445F
910F
1011
897
652
534
665
419
413
1288
806F
612
1003
496
556
579
894
981
741
555
785
612
936
1186F
714
507F
468F
717
545
1381
561
724
898
1317
405
989
742
585
608
1116
723F
690F
895F
635
913F
585F
480
504F
975
1036
899
1069
712
1149
640F
978
1020
881
919
974
700F
501
787F
887
776F
683
606
678F
578F
875F
724
938
543
495
685
459
905
1016
762
1290F
1370F
988
1582
1242
1013F
1263
1099
779
906F
771F
692
1509F
1029F
694
992F
879
1065
1170
1171
1226F
1388
1041
1511
1238
1136F
1374F
1275F
1430F
1127
771F
2098F
764
926
1334F
1170F
1491
1070F
1596
991F
1114
1465
893F
1484
1055
888
1867
1354
1377F
1580F
1958
930F
1450
1087F
1087
1265
1619F
1664
627F
945
930
1623F
1342F
854
910
1369
1347
2179
898
1033F
1155
1361F
1360
1328
1181F
2081
1557
1721F
1065
1133
1117F
924F
966
2429
877F
1335
1027
1509
1065
1026
1332
1468
829
1165
1952
1348
1274
1119
1364
1442
1269
1618
1413
895
1010
1222
65
51
100
46
68
72
47F
62F
56
99
69
28F
64
14
64
39F
137F
71
66
57
64F
74F
55
75F
18F
30
59
162F
30
64F
91
98F
8
18
50
66
26
46F
65F
79
8
35F
87
78F
105
148
103F
59
94
98F
95F
57
125
134
137F
89
89
68
114F
6
41F
128
45F
39
51F
88
46
69
30F
40
101F
102F
23
55
21
48
47F
143
95F
50
84
38
64
110F
86F
81
75
62
124
126F
62
67
69
180F
115
59
29
66F
339F
643
623F
437
644
725
617
631
734
577F
545
689
881F
832
1397
685
615
1306F
958
805F
723
749
945
1032
333
673F
639F
590
941
546
1081
420
968
353
296
698
362
700
390
308F
839
680
314F
691
431F
605
490
718
1169
622
709
825
456
1040F
722F
407F
522
339
344
806
648
614F
422
623
703
413
361
313
709
552
411F
895
674
464
810
356F
472
463
846
419
565
1119
535
269
788F
932
1232
670
1191
669
66
94
383
116
31
609
98F
268F
518
76
180
279F
193
229
165
597F
319
851
574F
148F
104
634
197F
224
242
461F
198
302
114
178
457
542F
234
97
295
79
700F
107
15
67
135
127
41
174
219F
73
655
457
180
216
617F
63
120
736F
720F
282F
142
576
518
196
554F
368
350
589
50
258
490
674
709
329
296F
368F
66
145
323
150
164F
658F
277F
386
277F
233
394
351
356F
198F
102
455
670
313
228
857
1032
82
95F
636
310F
389F
340F
206
199
152
26
722
78
373
255F
186
4420
783F
472
966
770
3849
471F
1857
3971
552F
528
348
3912
5154
546F
3018
5011
1942F
842
2127
3245
699
4566
2067
3273
2933
2751F
583
3460
2483
4312
2803
3492
441
762
921
2579
559F
686
2141
1948
2734
555F
2647
3589
3816
3907
2689
501
1102
2816
508
496F
1773
3801F
1751
2175
249
3568
4875F
346
408F
507
1003F
2756
464F
1129
4987
6650F
3441
3108
607F
2855
2071
579F
712
510
400F
646F
3853
679
222
2909F
572F
723F
650
217
282F
450
1578
486
2983
381
1884F
3557
309F
432F
1613
704
609
457
2052
1773
4729
3196F
480
2525
2220
312F
275
623
2423
1955F
3353
2712F
475
518
1963
2263
770
845F
649F
2609
3445F
3067
2536
393
433
2149
658
369
1200
2456
332F
718
552
706
1172
702F
949
523
552
555
715
377
666F
705F
983
452
723F
501
1153
346
702F
261
448
620F
426F
563
290F
447F
548
383
569
292
319
823F
655F
745
646
859
644F
818
372
663
829
779
574
944
534
626
480F
795
501
495
532
360
360
797
939
391
649F
687
421
450F
618
950F
279
905
544
824
308F
893F
791
736
1033
372
906F
869
475F
688
234
452
396F
756F
324
604
372
969
658
407
506F
297
604
586
791
585
817
370
483
966
580F
478F
801
774
571
303
746
409
332
565
1105
515
704
1219
925
1094
938
1087
2215
1291
1261F
1438
865
1956
1646
1613
1551
1318
1632
2004
1560
1534F
956
1836
1895F
1273
2404
1423F
1764
1223F
617
1701
2183
1573F
1765F
1084
2037
667F
1597
2192
1624
1423
1430
1473
1941
2199
1595
1467F
910
1652
1149
1751F
1275
1499
1884F
1873F
2704
1181
1583F
756F
1635F
2166
1842
1677
1214F
1011
1049F
1390F
1722
1510
1314F
1430
1722
685
1722
961
1044
168
178
221
96
147
61
23F
96
64
75
31
113
31
97
104
158
65
101F
41
47
130
103
327F
30
123F
165
74
137
59
38
164
82
105
123F
149
54
72F
34F
206F
171
56F
0
147
183
174F
122F
48
137F
64
104
93F
314
36
36F
195
117
43
167
68F
95F
177
32
139
82
122
51
87
15F
115
49
218F
56F
92
94
92
38
198
32
91F
117
61
53
51
25F
56
64
133
45F
88
23
65
153
60
102F
40F
10F
58
72
90
75
148
112
25
100
91F
122
123F
136
259
122
112
69
1061
587
1310
1072
794F
580
509F
1528
839
673
519
1327
780F
872
998
337
1201
1311
1327
651
528
396
964
794
1765
596F
1136
1325
970
882F
456
1127
1177
792
1411F
902
1349
1028
1115
1184
1005
1151
741
419
811
1006
1151
560
762
407
350
1314
1230
1129
1240
742F
519
785
866
626F
1048
1247
1045
916
1064F
487
992
668
1101
390F
1151
1106F
759F
486
1229
846F
738
1530F
915
626
1323
1166
531
795F
903
1021
754
6
38
38
3
742F
19
546
64
466
97
1049F
193
539
99
516
770F
84
16
0
454
489
435
356
305
646
600
523
0
125
317
279
526
0
28
346
20F
46F
119
18
162
920
345
10
244
348
313
303
1197
33
75F
0
586
37F
20
157F
468
0
191
867
453
625
33
277
1084
33
0
318
759
0
566
305
364
122
171
834
419
99
61
0
458
170
307
15
203
61
1410
467
94F
503
418
1010
0
16
462F
559
102
148
18
722
317
25
381
21
224
0
1082
449
229
373
727
127
176
475
1242
585
0F
0
25
0
0
147
442
262
1049
201
155
411
0
76
437
155
633
681
463
185
1382
999
176F
8F
1048
491
432
381F
30
102
1225
806
356
18
134
56
355
619
523
19F
450F
482
180
74
586F
455F
510
38
127
471
528F
305
688F
229
820
548F
292F
13
432
493
0
238
495
1149
0
0
0
115
294
226
201
58
419
51
11
516
3
1087
244
15
0
394
260
727
473
935F
175
179
644
0
0F
807
786
212
21
533
297
5
61F
135
240F
587
589
76
38
47
332
484F
15
130
520
330
308F
173
0
10
765
727
0
0
158
393
387
574
502F
878
0F
127
183
8
358
25
75F
274
13
29
82
74
64
0
818
0
33F
0
53
3
515F
499
23
38
20
669
438
630
380
196
0
0
333
50
0
380
132
56
361
145
0
922
298
384
551
490
165
8
526
1008
56
84
160
780
0F
358
409
341
724
180
11
20
409
305
567
279
64
237
122
132
544
0
41
313
691
185
916
18
41
0
79
97
534
102
0
663
145
1052
989F
643
0
957
407F
238F
206
488
0
534F
56
40
5
658
33
0
0
34
587
718
76
432
386
308
38
384
494
337
518
33
816F
1547
94
57F
631
1604
172F
237
274
203
575F
803
63
359
465
973F
158
728
81
428F
472F
201F
90
99
295
239
22
105
361
417
251
911
376F
776
421
1289
298F
310
263F
167
190
613
319F
1066
245F
389
546
26
82
447F
429
734
105
709
154F
129
29
317F
603F
255
175F
403F
125
548
143
105F
812
269
148
509
447
246
657
175
53
259
388
235F
161
504
30F
503F
303
435
260
165
77F
463
252
107
251
402
704
570
857
165F
395
134
545
260
454F
636
533
633F
304F
352
91F
52
304F
112
1245
576
678
505
364
519
140F
459
179
225F
309
572
503
586
911
270F
1502
880
156F
546
305
387
931
449
622
461F
415
183
384
102F
348
260
176
197
1164F
1132
853
546
677
800
920
1748
851F
1055
1088F
1167F
926F
1049
811
662
744
457
908
1188
838F
793F
1006F
1232F
927
1046
779F
1019
672F
643F
1016
609
832
948
1184
528
880
1494F
1122
612
828F
1801
582
1643
962
389F
795
349
933F
298
1147
264
949
1098F
928F
493F
727
547
830
1465F
1131
463
1233
1154F
1099F
689
434
699
446F
929
677
1085F
473
426F
1058
556
992
847
941
392
629
674
639F
670
471
543
905
1191
511
606
346F
592
1609F
894
1542
808
810
1476
956
788F
1051
1244
1105F
371
389F
870
449F
618
3242
4962
971
3716F
2154
936
551F
962
865
1945
1020
1931
1525
406F
589F
412
780
3108
705F
631
2317
326
4129F
333
609
3894
429F
759
2170
348
2722F
416
1809F
501
1101
4033
2261
1905
970
902F
2454F
2369
4652
419
382
2062
3692
374
350
1044F
540
1862F
1024
362F
4688
2660
1728
773
1100
327
411F
1322
1009
290
1044
2431
993F
611
2000F
431
747
290F
1931
1766
1031
525
582
519
461
320F
484
1014F
299F
5586
3346
431
307
470
541F
2024
679F
1610
347
386
3135F
2547
313F
2061
589
3484
2004
276
1027
3288
1620
341
513
286
413F
440F
621
460
561
590F
531
520
575
526F
584
542
476
389F
344F
710F
331
375
385
341F
587
487
362
621F
271
410
606
343
806
506
505
594
469F
430
631
375
643
405
527
415F
457F
864
452
336F
480
559F
603F
478F
741
454
427
421
743
749F
313
554
198
604
393
497
1304
310
455F
631
466
194
692
344
390
552
468F
184
230
417
276
335F
208
221F
246
539F
251
271
207F
307
392F
415
358
502F
251
355
182
392F
183
264
441
194F
299
181
373
284
270
85
323F
362F
285F
307F
468
272
341
297
280
179
181
223
238
409F
279F
264
301
159
338F
170
153
409
157
395
347
391
256F
196
404
273F
416
296
497
393
172
267
155
419F
441
356
218
185
493
252
293
535
377
271
216
468F
296
281
221
470
207F
378
212
349
196F
382F
344
708F
269
274
233
147
272
262F
332
320F
444F
254F
313
399
358
270
353
148
243F
274
101
351
282
917
380F
190
162
402
419
297F
342
266F
161
336
236
435
271F
196
451
104
257
320
370
265
383
167
244
337
227
252
416F
223
713
66
0F
33
270
258
43F
228
852
168
76
279F
83
0
61
409
118
194
302
125
415
194
231
51
512
403
660F
345
26
129
135
0
85
247
28
81
183F
182F
107
192F
266
126
168
72
81F
64
178
46
83F
631F
23
206
10
102
208
806F
66F
168
84
144
65
176F
861F
884
277
5
134
635
110
63F
143
44
152F
190
160
118F
197
38
109
212F
55
127F
63
254
123
134F
1184
662
120F
10
118F
94
259F
94
20
237F
215
144
288
91
138F
323
76
47F
27
5
210
244
2490
402
1043F
1202F
4432
711F
1041
3602F
395
227
1206F
457
600
106
4234
129
84F
871F
109
1756
439
2172
501
336
311F
294
944
1169F
927
290
829
406F
533F
755
1681F
767F
847
556
22
208
692
5279F
4091
586
371F
429
886F
56F
390
112F
526F
2751F
3367F
284F
2222
35F
552F
328
1602
351
314
73F
0F
1291
823
43
468F
1455
454
535
856F
6915
9643F
1594
2161
2668
211
169
580
2145F
1141
683
521F
322
1276
306
427
2898
51
160
20
127
5910
1683
5215F
72
4422
1866
506
1094F
251
154
448F
1646
1433
244
772
948
77
61
31
44
49
107
246
157
3
234
0
55
0F
24F
123
62
190
177
200
115
135
95
59
128
46F
259
3
501
554F
687F
890
483
707
1324
1616
1640
689
1467
1077
831
597F
535F
1076
644
488
1119F
946
458
1410
791
668
457
638
795
69
404
235
1060
53
400
478
197
117
164
564
313
576
99
156
305
400
392
245
260
44
279
61
470
455F
753F
83F
205
406F
227
1593
747
367
833
766
645F
252
756
205
298
263
298
27
179
613
494
207
307
267
241
265
693
352
262
652
465
756
483
314
812
456
297
764
720
457
323
127
133
285
495
732
292
136
130F
319
228
448
665F
776F
328
284F
948
852F
427
546
216
356
130
449F
656F
155
465
369
393F
690F
132
318
51
373F
558
1337
1622
1527
931F
1592
1025
858
414
847
531
668
275
1288
818
1006
529
931
1165
1184
1363F
1352F
644
1258F
1216F
910F
916F
623
788
989
389
319
1765
269
1006
932F
791
360
748F
1026
1463
655
1137
1243
1453
919
594
1026
1034
1292
2254
864
705
1307
348
679
1027
1117
894
779
937
66
41
313
590
661
724
521
463
449
43
263
478
186
191
226
175
707
633
461F
16
58
725
796
749
181
122
15
127
269
283
91
66
165
19
314
296
48
268
860
833F
747
743
893F
610
631
511
981F
777
673
862
872
215
506
665
721
585
492
574
334
507
894
427F
681
1161
1807
816
751
546F
372
641
866
1065
761
524
712
453
528
490
803
1137F
656
733F
387
384F
454
300
788
398
671
897
224
374
251
319
372
290
250
240
272
232
388
305
273
494
203
278
254
847
655
338
592
226
329F
579
630
250
770
414F
639
416
222
22
54
196
87
18
154
74
364
459F
230
356
71
330
108
69
196
69
65
56
94
151F
16
276
42
44
101
174
0
48
235
21F
292
402
209
172
4539
59
8
133F
211F
256
450F
321
298
579
18
0
155
21
53
15
0
0
61
63F
76
89
29
0
58
130
264F
100
66
343
79
33
66
29F
115
186
81
428F
131
184
437
433
94
159
238
178
76
0
25
20
260
0
28
217
203
80F
0
27
3
44
544
224
44
541
36
0F
1702
4572
1438
1649
1242
1482
945
1564F
1044
1530
767
984
1335
1828
1630
376
2564
1231
1217
99
51
39
29
213
90
44
6
47
80
41
71
63
123
377
38
60
141
125
8
31
56
63
41
13
83F
117
59
252
375
558
378
552
552
334
391
382
143
489
107
89
144
149
247
86
67
218
229
180
127
1225
288
1554
506
369
498
290F
759F
488
290
38
372
169F
2466
3283
1238
788
836
396
2434
986
1270
2067
1440
564F
2179
1791
957
978
2724
3019
1752
420
466F
1948
1019F
3252
3508
3249
2427
1225
1163
1201
3413
2246F
543
2224
472
1997
2128
576
243
397
470
1074
602
305F
429F
1495
501
57
34
103
107
338
2173
2484
264
340
147
625
509
1357F
626
707
0
649
318
352
617
344F
93
99
125
308F
1529
908
1345
971
276
973
1128
971
401
851
887
1188
1503
498
1266
859
1151
465
488F
229F
308F
661
386
237
482
519
470
501
132
701
668
432
563
893
739
618F
821
906
682
751
717
1002
907
771
1164
618
617
603
530
228
366
539
8
145
3
0
5
173
74
150
10
86
103
351
392
192
36
178F
99F
137F
437
235F
39F
165F
406
224
0
104
0F
3
159
799
956
595
1689
1478
1306
1473
1246
1220
1040
925
1157F
1488
640
501
635
932
1310
557
1272
1056
865
773
657
1290
884
770
1500
1043
1131
825
378
1107
527
866
1581
138
784
964
689F
697F
793F
793F
991F
1020
1095
852
469
557F
47
825
764
383
120F
302
16
343
257
190
29
594
616
72
59
38
98
24
100
120
109
26
151
35
57
317
28
128
170F
117
747
391
158
174
503
359F
416
126
2962
2941
2728
540F
435
3162
912
1760
823
1711
520
1582
928
1585
555
1147
1028
499
638
539
727
829
647
750
443
872
819
615
569
828
790
959
626
781
956F
953
351
247
158
359
432
302
320
329
431
596
114
252
258
1140
211
268
512
355
178
91
84
108
168
3
163
16
42
13
58
6
84
127F
41
166
128F
54
238

