917
615
1101
453
543
618
537
789
-35
446
472
249
-199
494
119
15
277
-391
433
673
-441
84
-695
362
84
637
176
444
-692
-529
590
697
704
-574
410
415
1102
517
264
535
808
454
238
507
83
435
-13
134
244
507
546
418
-106
3
-167
-693
-825
-791
-1667
-879
-877
-1138
-1318
-1302
-614
-467
-963
-676
-954
-628
-861
-631
-883
-866
-538
-515
-642
-724
-535
-1285
-594
-807
-505
-656
-1270
-1505
-804
-1466
-852
-1093
-123
-643
-816
-1208
-1729
-973
-680
-1209
-584
-752
-504
-1300
-769
-907
-877
-755
-652
-524
-905
-682
-777
-1356
-666
-756
-1080
-918
-1633
-651
-497
-823
-671
-730
-418
-1282
-1460
-937
-811
-679
-1366
-1687
-902
-1533
-998
-701
-772
-1028
-938
-632
-686
-721
-748
-795
-764
-536
-544
-646
-981
-984
-1205
-609
-516
-1391
-1535
-492
-794
-777
-930
-571
-702
-685
-790
-886
-1158
-884
-532
-1201
-702
-790
-966
-953
-1160
-441
-1381
-582
-755
-1133
-782
-893
-896
-580
-821
-926
-996
-868
-724
-1046
-416
-570
-425
-786
-585
-639
-410
-1025
-1033
-925
-1176
-1084
-742
-1784
-820
-625
-677
-730
-974
-531
-1008
-1008
-819
-687
-791
-750
-475
-1650
-1081
-795
-1037
-689
-587
-756
-1285
-724
-1855
-1502
-689
-663
-600
-1142
-633
-999
-1068
-745
-1188
-369
-572
-736
-935
-513
-1290
-1248
-663
-1011
-670
-545
-1086
-1009
-989
-811
-1229
-707
-1025
-905
-827
-1201
-905
-1256
-821
-970
-1032
-1276
-475
-445
-434
-280
-487
-526
-508
765
703
896
1015
1009
1122
800
707
1317
1687
540
723
1253
1759
1382
934
493
632
720
1167
1755
1893
1356
877
771
1360
886
1495
1532
1169
529
367
644
1608
522
1271
1082
633
854
319
950
898
856
522
902
899
477
1280
311
441
1520
396
392
1193
852
870
1128
497
1175
677
1015
520
776
694
1095
1231
415
910
1427
1083
407
1343
838
920
989
504
416
1245
1509
941
1836
1093
475
1146
1135
944
750
536
1045
361
3
-108
-146
281
-20
331
333
-306
319
307
585
252
-131
275
-68
-46
-238
-71
341
-221
333
172
-108
380
11
97
285
-138
34
-24
23
310
244
297
-205
292
373
411
538
52
425
40
360
-39
98
264
318
-132
314
311
65
486
330
127
-53
188
172
156
261
-50
281
91
60
159
-156
426
192
234
106
-57
265
305
291
95
217
536
-141
70
308
260
183
249
349
77
79
253
71
106
311
136
252
-38
3
142
-621
-605
-748
-1250
-534
-1175
-408
-1018
-488
-341
-650
-156
-241
-408
-500
-354
-890
-997
-438
-1082
-1365
-253
-492
-637
-1114
-1042
-228
-1299
-1077
-1052
-50
-890
-616
-236
-1252
-1120
-159
-591
-699
-1028
-365
-953
-385
-433
-1376
-344
-1236
-439
-529
-1179
-1264
-1031
-830
-889
-1342
-511
-391
-1204
-259
-272
-1328
-1036
-1082
-1223
-602
-477
-444
-1108
-1084
-680
-810
-553
-504
-336
-469
-522
-235
-1380
-507
-482
-769
-809
-322
-501
-419
-1135
-581
-222
-439
-513
-468
-761
-547
-760
-1026
-696
-384
-854
-184
-524
-1024
-308
-1025
-471
-650
-710
-516
-705
-1614
-424
-840
-673
-1126
-256
-342
-396
-1269
-483
-619
-1140
-489
-491
-976
-314
-503
-825
-791
-791
-893
-834
-371
-961
-239
-593
-506
-360
-645
-575
-385
-892
-686
-955
-789
-1047
-914
-879
-833
-990
-1051
-227
-416
-1012
-853
-1428
-535
-864
-664
-584
-1144
-1059
-939
-1060
-976
-875
-877
-758
-719
-130
-725
-287
-918
-918
-472
-875
-620
-720
-704
-819
-857
-351
-932
-766
-820
-896
-447
-861
-1083
-412
-964
-848
-659
-969
-543
-923
-1092
-1008
-937
-1032
-762
-623
-1105
-537
-888
-957
-452
-880
-592
-667
-840
-292
-472
-909
-603
-686
-726
-850
-1091
-1007
-756
-962
-923
-708
-1090
-899
-855
-927
-550
-627
-1107
-765
-895
-293
-701
-494
-723
-208
-416
-1144
-1089
-797
-817
-810
-570
-628
-1081
-429
-934
-761
-983
-629
-652
-725
-866
-956
-887
-888
-660
-985
-434
-982
-744
-1089
-882
-658
-1059
-594
-502
-740
-1023
-574
-999
-478
-292
-1094
-907
-478
-994
-962
-803
-817
-638
-870
-1292
-742
-746
-816
-919
-980
-1044
-997
-893
-888
-1040
-790
-1061
-1016
-452
-873
-766
-867
-140
-915
-982
-753
-782
-655
-764
-968
-505
-922
-1015
-963
-597
-938
-997
-896
-780
-807
-414
-692
-529
-593
-660
-760
-577
-699
-147
-957
-933
-898
-518
-571
-1046
-1029
-1008
-433
-943
-884
-827
-963
-979
-950
-899
-1456
-797
-1184
-1093
-1075
-1309
-971
-1068
-1016
-879
-754
-1225
-1020
-832
-1117
-1358
-864
-1039
-1124
-1000
-1024
-842
-936
-1256
-1426
-923
-1206
-1063
-1092
-977
-846
-1450
-978
-1381
-953
-1005
-1136
-1157
-1329
-1437
-1468
-948
-1337
-1290
-1146
-724
-792
-938
-1124
-1222
-1004
-1101
-1283
-970
-1274
-1277
-1255
-1176
-1255
-961
-1022
-1257
-1042
-677
-948
-879
-1333
-789
-905
-1285
-940
-925
-1245
-1125
-1191
-1254
-1340
-1562
-864
-879
-947
-927
-1454
-1062
-1492
-829
-1337
-1111
-1355
-910
-902
-1022
-1253
-1141
-1391
-851
-851
-1466
-1195
-1237
-1369
-1620
-799
-1552
-714
-1033
-1364
-1355
-1504
-1311
-1221
-1495
-975
-1201
-1268
-1254
-1140
-1298
-1318
-1150
-965
-382
-821
-794
-522
-762
-819
-646
-730
-843
-824
-802
-531
-699
-747
-418
-698
-606
-553
-772
-508
-233
-517
-532
-357
-216
-412
-653
-491
-617
-505
-381
-583
-407
-428
-684
-508
-315
-650
-596
-553
-763
-479
-710
-552
-718
-404
-745
-691
-503
-609
-559
-568
-368
-505
-569
-316
-450
-655
-558
-616
-477
-536
-584
-802
-594
-513
-514
-402
-793
-464
-658
-720
-652
-806
-470
-678
-640
-541
-601
-534
-491
-419
-647
-601
-484
-420
-791
-514
-661
-649
-364
-746
-741
-444
-595
-480
-547
-399
-560
-680
-638
-711
-461
-612
-631
-683
-793
-872
-665
-751
-310
-596
-583
-689
-671
-545
-620
-727
-409
-653
-727
-621
-660
-794
-576
-662
-724
-657
-387
-751
-514
-494
-581
-425
-666
-575
-527
-376
-181
-344
-352
-306
-464
-417
-511
-557
-403
-530
-451
-382
-365
-517
-574
-625
-430
-501
-178
-263
-382
-584
-639
-755
-345
-404
-458
-377
-383
-256
-457
-669
-271
-451
-246
-517
-444
-559
-341
-301
-495
-384
-203
-306
-361
-361
-428
-352
-217
-187
-445
-226
-230
-695
-520
-473
-606
-603
-599
-381
-583
623
477
461
337
223
325
450
621
623
594
974
272
718
503
354
488
666
510
574
657
459
586
327
762
567
842
629
802
550
259
824
701
456
688
532
642
610
360
467
727
326
609
923
535
395
396
741
325
256
816
547
723
664
603
281
247
278
412
645
814
512
242
713
452
640
607
453
883
775
325
405
-1100
-2042
-1479
-1293
-1669
-1791
-1492
-1854
-1670
-1400
-1441
-1313
-1477
-945
-1243
-1744
-1345
-1995
-1358
-1105
-1140
-1520
-1396
-1605
-1700
-1147
-1100
-1273
-1692
-1365
-1767
-1413
-1157
-1382
-1478
-1699
-855
-1809
-1815
-1772
-1904
-1183
-1433
-1155
-1503
-1540
-2038
-1361
-1325
-1357
-1358
-1195
-1227
-317
-197
-424
-449
-300
-697
-420
-614
-467
-563
-579
-328
-537
-504
-628
-489
-771
-563
-624
-350
-389
-809
-551
-674
-500
-312
-876
-474
-545
-406
-317
-238
-707
-867
-405
-738
-438
-399
-660
-530
-1290
-1079
-1016
-1032
-1208
-1172
-906
-1127
-600
-1322
-993
-809
-550
-1054
-1083
-1051
-813
-605
-924
-1279
-1220
-909
-1305
-1004
-793
-1049
-925
-702
-1039
-935
-879
-976
-805
-1044
-835
-1241
-925
-1008
-1225
-1063
-1550
-1018
-991
-1203
-941
-1209
-876
-1098
-1713
-1281
-1196
-963
-1112
-1017
-955
-1799
-722
-969
-1445
-1285
-884
-1177
-1433
-1212
-905
-1365
-854
-1148
-831
-1036
-790
-937
-1134
-1012
-787
-1181
-1215
-763
-1369
-1119
-756
-887
-1250
-820
-928
-968
-962
-1715
-992
-1061
-776
-1282
-1229
-945
-1803
-1605
-1285
-1298
-1074
-843
-1345
-862
-1345
-903
-943
-1011
-1080
-1167
-848
-891
-986
-1134
-1378
-835
-930
-1206
-1489
-1097
-1020
-1015
-798
-886
-1056
-1519
-1052
-1169
-1103
-1111
-895
-1769
-1401
-700
-1940
-1115
-1503
-1464
-753
-1444
-1421
-1894
-1242
-1216
-1167
-1768
-1770
-1714
-1457
-1503
-1955
-1746
-1587
-2229
-2215
-1966
-1826
-2234
-2002
-1949
-2010
-1722
-1819
-1616
-1441
-1284
-1625
-1844
-1476
-1940
-1618
-1527
-1481
-1827
-1611
-2024
-2075
-1813
-1846
-1671
-1832
-1645
-2276
-2377
-1827
-1402
-1612
-1443
-1635
-2034
-1541
-1793
-1478
-1948
-1765
-1615
-1491
-1832
-1919
-1893
-2236
-2157
-1536
-1732
-1589
-1730
-1916
-1602
-2166
-1530
-1491
-1487
-1813
-1781
-1758
-2325
-1724
-1330
-2034
-1452
-1668
-1927
-1489
-2082
-1494
-1802
-1730
-1759
-1682
-1681
-1419
-1741
-1720
-1454
-1752
-1429
-1928
-1757
-1812
-1426
-1828
-1602
-1457
-1832
-1802
-1503
-1919
-1521
-1740
-1296
-1490
-1434
-1549
-1663
-1557
-1564
-1413
-1921
-1705
-2034
-2167
-2475
-1426
-1521
-1915
-1556
-1371
-1623
-1760
-1739
-2079
-1478
-2093
-1404
-1736
-1796
-1626
-1411
-1525
-1263
-1379
-2204
-1699
-1424
-1817
-1685
204
87
501
344
309
720
-6
374
96
283
155
180
227
95
51
216
554
234
10
475
222
189
195
57
384
145
692
565
442
83
-74
-108
9
78
-38
153
194
333
165
444
173
142
487
398
265
347
280
486
300
284
-121
624
239
293
558
341
191
665
271
474
343
25
325
611
159
213
94
532
99
157
110
54
699
407
433
79
263
324
-314
-641
-342
-434
-436
-893
-406
-406
-442
-753
-622
-570
-541
-800
-502
-490
-460
-622
-573
-270
-46
-416
-243
-562
-530
-342
-589
-432
-619
-524
-384
-477
-425
-344
-579
-602
-486
-576
-544
-514
-523
-551
-550
-778
-768
-429
-802
-663
-548
-473
-467
-329
-427
-171
-774
-299
-305
-371
-713
-440
-481
-333
-666
-179
-501
-408
-409
-807
-856
-537
-831
-169
-345
-482
-476
-268
-642
-156
-629
-738
-543
-275
-555
-454
-404
-266
-110
-410
-671
-357
-640
-465
-494
-422
-532
-254
-627
-447
-567
-438
-717
-32
-613
-689
-735
-676
-403
-443
-677
-640
-433
-534
-805
-641
-492
-576
-325
-472
-592
-611
-362
-516
-471
-425
-468
-434
-1183
-957
-858
-1108
-884
-1315
-982
-1135
-1006
-317
-1398
-1311
-501
-979
-918
-1169
-1329
-1543
-1075
-915
-884
-1063
-1030
-1573
-1040
-952
-1350
-1236
-754
-866
-1188
-1161
-900
-1049
-1605
-1507
-1253
-1340
-1319
-838
-1046
-1334
-1434
-1342
-642
-1734
-728
-879
-1320
-1208
-935
-1104
-955
-1145
-914
-785
-792
-1088
-1636
-1004
-1662
-1240
-859
-1362
-890
-1112
-1046
-1530
-1544
-1494
-1307
-1409
-1027
-871
-537
-1029
-1547
-1102
-853
-1464
-1573
-572
-1354
-656
-545
-519
-1048
-1034
-1034
-1184
-1255
-1327
-933
-1439
-1388
-1388
-1191
-857
-1412
-1309
-908
-544
-557
-628
-1079
-1354
-1562
-844
-649
-1392
-1556
-1475
-1412
-1415
-925
-1863
-982
-1038
-1301
-1136
-554
-1459
-823
-1031
-1096
-746
-1509
-951
-394
-619
-900
-1808
-2026
-1158
-891
-1854
-1455
-1373
-573
-532
-974
-948
-1618
-1117
-1179
-906
-1767
-861
-995
-1922
-1291
-1098
-798
-1018
-1264
-1304
-1669
-1090
-1489
-492
-1070
-618
-1364
-1985
-1176
-1618
-816
-1430
-1820
-1306
-1015
-705
-1231
-1257
-1066
-573
-1409
-1255
-1509
-422
-1417
-918
-855
-576
-614
-650
-1725
-1017
-1294
-1230
-1548
-1041
-1835
-712
-741
-1235
-742
-957
-1499
-1031
-1092
-1652
-1575
-1660
-1255
-743
-1187
-1172
-887
-946
-807
-904
-1104
-752
-833
-1108
-872
-738
-1161
-797
-821
-759
-628
-772
-1086
-696
-973
-993
-1063
-1052
-834
-715
-820
-1011
-912
-822
-877
-904
-829
-992
-984
-685
-1060
-777
-907
-499
-888
-1007
-843
-853
-879
-1018
-1049
-706
-807
-807
-932
-1210
-793
-1007
-778
-876
-1041
-766
-758
-695
-941
-1062
-924
-795
-883
-757
-673
-773
-747
-976
-955
-756
-833
-910
-902
-572
-705
-858
-918
-1137
-960
-780
-899
-826
-759
-755
-803
-729
-1012
-810
-705
-936
-1058
-1012
-1108
-1143
-1151
-732
-1061
-1044
-787
-1020
-871
-872
-1061
-858
-900
-731
-1084
-808
-886
-872
-794
-1067
-896
-934
-845
-675
-1100
-1091
-909
-853
-785
-1058
-818
-773
-845
-704
-921
-1403
-835
-696
-727
-833
-1147
-890
-1003
-1011
-858
-911
-691
34
-604
-393
-73
-672
-685
-400
709
153
-420
475
-469
-296
-617
-687
-504
-860
-420
136
-896
-711
-582
-868
527
36
-607
-501
-426
-406
-171
-749
-362
-604
-256
-361
-303
-245
-525
-754
-630
-586
-624
-720
-317
-355
-645
400
823
-400
-619
-854
-739
-479
-310
-927
-294
-535
-910
-797
-475
383
-670
-668
315
-177
129
-657
-865
-956
-730
-382
15
-969
-135
-564
-929
-663
454
-781
-541
-500
-444
-642
-839
-714
-281
-850
-354
-201
-538
-45
-316
-637
-793
542
-195
-827
-299
-739
-1267
-613
-415
-1485
-1449
-1604
-1812
-1093
-1120
-1137
-1995
-1448
-1434
-1169
-1356
-1180
-1229
-1117
-1758
-1074
-1165
-1707
-1275
-1197
-1170
-1411
-1325
-1776
-1520
-1414
-1154
-1500
-1403
-1152
-1706
-711
-746
-654
-332
-785
-319
-771
-780
-742
-687
-604
-627
-418
-491
-945
-533
-500
-890
-792
-598
-854
-640
-527
-848
-448
-543
-437
-467
-703
-906
-790
-518
-503
-765
-782
-506
-618
-63
-243
-512
-833
-412
-507
-871
-4
-292
-476
-424
-910
-636
-628
-615
-493
-649
-639
-753
-124
-818
-233
-477
-448
-888
-31
430
-509
-1036
-967
-1319
-649
-356
-783
-515
-577
-137
-553
-562
-195
-286
-445
-690
-304
-1149
-579
-214
-726
-485
-1191
-1102
-1060
-755
-1115
37
-412
-678
-800
-952
-372
-191
-898
33
-495
-836
-345
-589
-896
-616
-371
-808
-356
-303
-249
-141
-77
-12
-162
-534
-648
-426
-927
-962
-1025
-562
-503
-805
-1042
-679
-404
-813
-385
-959
-382
-529
-808
-627
-102
-534
-393
-435
-745
-115
-68
-527
-751
-331
-648
-631
-387
-440
-459
-415
-1256
-454
-677
-398
-932
-1022
-568
-776
-572
-450
-235
-318
-778
-368
-592
-560
-817
-694
-1084
-2
-291
-885
-395
-462
-932
-1197
-775
-1075
-166
-267
-164
-758
-165
11
-559
-353
-649
-993
-479
-1277
-930
-1172
-1206
-1056
-1257
-1175
-1110
-893
-1149
-1172
-1036
-1208
-1606
-1184
-1499
-633
-1055
-1288
-895
-1495
-1468
-1328
-1397
-1063
-1278
-1374
-1189
-1394
-1077
-1418
-1067
-1415
-1282
-639
-1344
-1385
-1060
-1127
-1169
-745
-1072
-947
-914
-1457
-1187
-1475
-1073
-1290
-507
-1185
-1001
-1050
-1581
-1077
-971
-1664
-1383
-1544
-1088
-1259
-1077
-916
-933
-1591
-1545
-1464
-935
-1192
-439
-921
-1518
-1021
-1759
-377
-1070
-1352
-454
-1412
-1834
-876
-654
-1166
-1294
-1304
-1488
-1000
-1560
-1243
-537
-1286
-1489
-1287
-641
-1246
-1234
-1012
-1254
-1482
-1746
-1087
-779
-1124
-1310
-1263
-1840
-1032
-1018
-1063
-1518
-1278
-1540
-401
-1215
-1277
-1131
-1350
-731
-1231
-969
-1290
-1296
-835
-75
-254
-113
-144
-120
47
-756
25
-747
63
-446
-164
-697
-609
-361
-181
-491
-440
18
-505
-275
-190
-114
-98
-434
-324
-437
-113
-282
27
-106
-50
-105
-454
-310
-188
-435
-64
-474
-71
-258
-681
-297
-444
-222
-249
-206
-321
-69
-620
-114
11
-376
-53
-228
-429
-279
-205
70
-342
8
-369
-544
-344
-50
68
-170
-450
-853
-294
-398
-401
-342
339
-442
-176
-214
-100
-164
-119
-110
-148
-154
-387
-247
-185
-225
-235
-213
-152
-193
80
-374
-533
-287
-149
-26
-641
75
-73
-183
-245
-536
-73
-38
-166
-62
-67
-384
-286
-222
-1621
-1193
-1453
-1407
-1866
-1645
-1746
-1764
-1267
-1725
-1496
-1643
-1713
-1427
-1767
-2072
-1485
-1898
-2073
-1844
-1526
-1490
-1618
-1890
-1467
-1951
-1839
-1617
-1807
-1268
-1554
-1513
-1690
-1859
-1575
-1650
-1800
-1654
-1641
-1827
-1820
-1616
-1477
-1838
-1914
-1601
-1463
-1436
-1388
-1381
-1690
-1817
-1606
-1628
-1725
-1448
-1623
-1946
-1782
-1700
-1468
-1632
-1412
-1598
-1840
-1397
-1817
-1846
-2038
-1373
-1630
-1557
-1757
-1603
-1438
-1500
-1431
-1466
-1792
-1708
-1845
-1774
-1857
-1463
-1397
-1800
-1983
-1919
-1725
-1517
-1526
-1824
-1758
-1415
-1334
-1721
-1691
-1557
-1791
-1837
-1774
-1738
-1398
-1575
-1555
-1846
-1908
-1558
-1783
-1494
-1507
-717
-964
-833
-747
-701
-880
-723
-950
-1010
-817
-760
-1010
-789
-1008
-901
-824
-760
-818
-451
-908
-576
-773
-872
-813
-797
-1050
-573
-872
-825
-721
-732
-896
-774
-869
-870
-643
-1065
-975
-770
-488
-1064
-670
-888
-751
-961
-813
-952
-768
-890
-702
-1054
-805
-857
-822
-1059
-1037
-754
-893
-853
-794
-767
-1025
-745
-697
-913
-964
-835
-977
-820
-671
-861
-1049
-599
-975
-1019
-711
-632
-939
-1026
-1039
-557
-944
-687
-851
-623
-940
-857
-880
-1038
-868
-758
-1000
-822
-843
-1079
-838
-854
-22
-229
-89
-563
-272
-111
208
-541
-361
-238
-623
-343
-115
-276
-65
-520
62
-256
-13
-605
-417
-210
-196
-181
-455
-123
-72
-240
-190
-366
-67
15
100
-205
-217
-221
-381
252
-805
-92
-735
-476
-173
-490
-299
-229
-542
-94
-46
-427
-340
-81
-328
-520
48
46
-269
-539
-120
-637
-208
-334
90
-49
-226
118
-302
-159
299
-8
-18
-236
-241
-127
-444
-381
-78
-87
-256
15
-134
-108
-418
-302
9
-156
-150
-406
-301
111
-146
-281
-24
-269
-334
-94
-406
-582
18
-135
-124
-71
-316
18
-437
-324
-154
53
-64
-673
-321
-394
-53
-39
-680
384
-599
150
-158
-449
-447
-601
-527
-107
153
566
-1008
-514
17
45
-906
-469
3
461
-361
271
103
68
113
73
-403
-741
77
-598
-224
117
129
251
-579
-405
-337
232
-892
-726
155
58
-375
-22
222
-16
38
-919
337
494
-424
349
-592
-872
-476
88
-177
-164
-54
137
22
-1
-337
-679
39
296
-780
-309
-702
-347
-288
81
-446
-488
433
294
-36
116
-461
-567
169
-22
-538
-381
-380
-672
-337
-198
-1041
-432
46
-90
-464
-305
-74
-302
-363
-337
239
-411
12
-727
-695
-402
121
172
-392
-627
-257
-603
-310
-95
-64
-129
-117
218
112
645
232
-456
-265
-113
-367
260
-515
-478
-468
271
-54
-97
-548
-100
240
-922
-582
-74
-515
122
-589
-611
-686
90
-322
-679
-163
-513
12
260
168
-92
-762
-210
-162
-431
-65
-687
-477
-571
-655
254
-869
-630
-772
-793
-1158
-1093
-1017
-771
-1028
-1110
-607
-892
-1163
-676
-946
-890
-1041
-1089
-715
-706
-760
-604
-949
-895
-954
-795
-977
-1000
-762
-829
-495
-828
-483
-1156
-411
-808
-658
-677
-1036
-721
-687
-845
-829
-795
-1128
-602
-761
-991
-855
-990
-712
-807
-611
-761
-823
-280
-875
-677
-862
-693
-1016
-577
-1179
-769
-547
-787
-540
-715
-564
-617
-991
-431
-889
-699
-1165
-1017
-809
-453
-531
-913
-815
-921
-722
-691
-745
-715
-755
-605
-685
-755
-779
-682
-855
-1052
-868
-1023
-846
-977
-1000
-683
-805
-891
-826
-772
-1041
-795
-786
-719
-768
-577
-975
-621
190
72
60
148
108
523
-5
79
274
7
-228
45
-96
-195
-55
-253
-86
-105
98
65
209
120
20
-15
520
63
74
87
234
23
324
68
-296
49
120
-8
202
-198
-26
146
87
65
-176
111
240
18
-257
98
-13
-42
-168
-97
108
264
-349
6
-38
17
-271
-199
202
84
77
-166
-47
137
84
-46
67
57
181
-1053
-1195
-1303
-1186
-1478
-1190
-1511
-628
-972
-1080
-1258
-1108
-1232
-1528
-1526
-1184
-1320
-1418
-920
-1227
-1042
-1413
-1483
-1626
-1537
-1279
-895
-954
-1329
-1492
-1292
-1118
-811
-989
-1116
-1530
-1104
-1303
-1501
-1359
-882
-1358
-1320
-1280
-1236
-1013
-1075
-1318
-1412
-1369
-1081
-1074
-907
-1291
-826
-1565
-1031
-1224
-1105
-1195
-833
-1244
-1532
-1010
-1229
-1348
-760
-1239
-970
-1263
-1200
-1386
-1368
-1467
-1226
-1299
-1690
-1178
-1197
-982
-963
-1155
-1357
-1470
-611
-1023
-1090
-1066
-936
-894
-1282
-858
-1140
-896
-1240
-1520
-982
-1306
-1390
-853
-756
-1418
-1224
-1226
-1509
-1382
-1437
-1539
-521
-1326
-1740
-1317
-1043
-1481
-1191
-1682
-1067
-1044
-1620
-1508
-1461
-1101
-1204
-989
-957
-998
-1285
-335
7
-173
-371
-133
-13
-50
-337
-308
-199
-259
-392
-153
-206
-146
-304
4
-155
-162
-286
81
-337
-109
-232
-298
-145
-157
-327
-266
-382
-89
-82
-237
-243
-46
-371
-253
-230
-118
-31
-443
-315
-267
-245
-209
-240
-144
-252
-75
-172
-184
-75
-120
-275
-223
-125
-60
-366
-219
-100
61
-221
-49
-196
-264
-234
97
-560
-824
-396
-233
-47
-352
-433
-295
-333
-99
-387
-162
-167
-254
-134
-123
-55
-314
-468
-307
-25
-136
-334
-87
-206
-333
-312
-263
-279
-136
-474
-208
-350
-138
-183
-297
-153
-168
-224
51
74
1084
266
856
670
757
-74
1024
229
1113
68
600
-21
346
66
263
256
34
205
1048
888
743
934
432
868
354
46
234
948
416
481
169
54
-170
66
-516
680
559
344
-411
242
688
102
-80
224
333
355
819
336
219
-472
-50
651
-409
520
378
520
327
684
472
379
-386
825
684
-56
544
980
147
-405
327
708
640
247
4
826
261
777
-37
-90
-318
418
121
603
-136
708
718
396
-689
920
125
-307
570
164
344
-148
791
-458
480
112
256
-363
352
703
137
157
588
191
1079
199
452
1126
988
396
877
654
-170
-294
61
-175
-577
353
397
751
519
437
1149
988
-348
96
202
-49
228
386
359
-260
335
887
774
118
-153
534
293
317
477
-484
-135
800
274
1408
-453
1
1015
474
53
-354
185
372
259
1049
704
936
350
95
716
319
96
465
-38
288
417
-47
887
183
326
426
489
699
1203
174
144
47
73
329
242
354
69
-200
291
383
982
298
-222
544
723
-674
-331
673
226
439
296
673
563
496
-100
-441
452
392
230
-19
839
994
1288
251
1241
416
361
106
-290
-188
56
354
-505
-26
62
236
1107
4
-260
364
230
293
-518
-491
19
478
304
571
910
799
169
-9
-315
625
44
-126
-209
105
-331
144
235
-494
496
204
46
44
75
-658
111
865
293
374
-116
-122
500
946
1320
1457
1450
1156
24
728
133
266
240
222
-121
1259
-45
643
831
919
970
113
6
1120
1195
566
-32
160
557
-327
678
684
697
326
-41
177
-295
1382
779
797
-71
41
-308
-28
270
-181
-350
1015
684
78
549
38
1623
-363
-158
136
27
420
-542
295
1025
374
-65
434
305
355
365
904
130
5
901
483
-189
464
-79
-389
-202
332
645
-440
12
-460
-22
665
966
345
520
57
385
139
1006
-260
1385
-60
436
390
252
350
804
1058
-765
-258
-985
-835
-663
-780
-100
-265
-811
-210
-527
-310
-926
-586
-765
-159
-345
-1094
-530
-611
-120
-606
-171
-430
-311
-735
-273
-396
-595
-770
-1243
-476
-231
-460
-580
-442
-807
-890
-47
-702
-623
-833
-445
-1398
-803
-669
-552
-472
-804
-173
-616
-258
-396
-825
-748
-803
-149
-379
-677
-741
-154
-355
-816
95
-529
-904
-889
-969
-467
-621
-294
-127
-589
-792
-701
-767
-684
44
-317
-564
-892
-450
-333
-528
-317
-925
-734
-416
-462
-391
-289
-656
-563
-496
-619
-850
-403
-721
-396
-309
-187
-241
-319
-246
-543
-243
-994
-999
-1004
-632
-653
-579
-235
-115
-1221
-402
-545
-1073
-522
191
-501
-621
6
-198
-398
-504
-900
-477
-1030
-742
-1027
-233
-429
-699
-691
-620
-250
-194
-601
-241
-540
-444
-533
-612
-28
-565
-568
-1018
75
-1388
-1297
-1442
-1433
-1448
-1298
-1748
-1602
-1359
-1677
-1652
-1700
-1928
-1500
-1465
-1474
-1558
-1158
-1230
-1324
-1423
-1400
-1347
-1235
-1432
-1221
-2299
-1200
-1473
-1854
-1396
-528
-375
-474
-471
35
-300
-760
-482
-621
-713
-675
-713
-341
-725
-349
-788
-528
-425
-306
-423
-548
-462
-760
-405
-503
-597
-424
-681
-276
-699
-304
-531
-544
-725
-495
-442
-567
-597
-549
-316
-172
-646
-336
-471
-484
-635
-614
-501
-636
-498
-604
-465
-282
-1000
-603
-846
-579
-906
-188
-682
-495
-306
-516
-630
-707
-429
-442
-645
-446
-595
-604
-613
-489
-457
-339
-357
-85
-140
-426
-516
-395
-518
-485
-300
-345
-250
-438
-667
-577
-721
-713
191
30
201
-318
-59
-5
70
-435
147
-588
79
111
-94
-150
85
-388
-699
-531
22
-55
-564
-410
-590
-656
65
-287
106
-598
117
-46
-33
-656
-91
-104
-655
77
-304
-3
-533
75
-14
-36
-568
-409
-350
12
224
38
-622
-646
-288
-1120
36
-9
-18
107
-347
0
-601
-386
180
-333
153
-907
-1
54
-740
11
-432
144
-581
17
32
-703
-411
-44
-412
103
-209
-94
72
-651
-271
366
224
-260
-212
-406
-34
-79
-661
-703
-34
-919
-119
-369
-412
-82
-336
-48
-607
73
-601
-116
-40
-126
-449
123
-515
127
-293
-244
136
-637
-122
65
-336
-937
-951
-304
-422
-86
-810
-985
-329
-657
-712
-899
-1009
-834
-676
-780
-584
-991
-821
-587
-747
-941
-1007
-623
-718
-642
-883
-423
-481
-538
-682
-712
-751
-1081
-624
-882
-579
-582
-476
-716
-645
-625
-808
-350
-469
-519
-844
-1086
-700
-888
-799
-784
-671
-573
-724
-709
-568
-647
-828
-640
-822
-568
-479
-629
-627
-621
-632
-758
-857
-925
-1025
-913
-664
-775
-669
-814
-778
-623
-690
-458
-636
-580
-810
-589
-741
-442
-485
-1018
-1364
-1564
-1760
-1197
-1296
-1418
-1877
-1324
-1386
-1221
-946
-1793
-1597
-1647
-1798
-1534
-1331
-1107
-1875
-1028
-1990
-1217
-996
-1231
-1410
-1904
-1865
-1842
-1237
-1776
-1231
-1394
-1241
-1754
-1588
-1706
-1753
-1210
-1100
-2005
-1399
-1183
-1041
-1534
-1859
-1659
-1429
-1146
-1648
-2027
-1292
-1693
-1119
-1688
-1763
-752
-1130
-971
-1041
-1749
-1185
-1570
-1889
-1672
-1144
-1443
-1111
-1196
-1423
-1408
-1265
-1666
-2047
-1685
-1736
-852
-1815
-1805
-1727
-1300
-1557
-1554
-1814
-1319
-1878
-1044
-1319
-1208
-1688
-1745
-1842
-1205
-1144
-1114
-933
-1393
-1215
-1271
-1980
-760
-1789
-1151
-1922
-1738
-1755
-1240
-1684
-1635
-1038
-1608
-1628
-1841
-1573
-993
-1655
-1325
-1731
-1653
-1393
-1115
-1202
-1041
-1450
-1628
-1338
-1073
-1058
-1331
-1104
-1139
-1090
-1432
-769
-1100
-1658
-1061
-1830
-1781
-1318
-1437
-876
-719
-1032
-734
-956
-1248
-916
-1132
-893
-1022
-676
-1522
-1251
-1739
-993
-1006
-499
-1243
-784
-872
-1048
-591
-827
-986
-1502
-694
-878
-691
-934
-1545
-1759
-1908
-1157
-1433
-1295
-1141
-964
-740
-976
-892
-936
-1274
-650
-1269
-1158
-913
-1147
-1306
-972
-701
-1005
-1605
-906
-786
-1060
-1118
-965
-1105
-875
-1344
-1494
-703
-1441
-1089
-975
-1299
-842
-889
-774
-1289
-1522
-909
-827
-894
-1550
-903
-867
-785
-765
-1570
-982
-1257
-1466
-1113
-1105
-1266
-1450
-818
-794
-1222
-1053
-1572
-1261
-1264
-950
-1185
-834
-781
-1287
-1045
-1177
-857
-855
-1700
-1043
-975
-560
-966
-1003
-688
-1059
-896
-970
-792
-1150
-1290
-1400
-806
-510
-320
-1520
-1600
-770
-2200
-3180
-3870
-3570
-1580
-2725
-2500
-2230
-2850
-1140
-1580
-440
-60
-2610
-2620
-2660
-1890
-2970
-370
-1560
-2560
-260
-2715
-2770
-2740
-2560
-1460
-352
-2850
-2530
-580
-1440
-2430
-932
-1390
-1600
-2200
-1220
-1350
-410
-1420
-2100
-401
-1353
-1800
-2060
-820
-3158
-2790
-2630
-1490
-282
-800
-1510
-2240
-2250
-2662
-1430
-1438
-2130
-2750
-1990
-700
-1500
-2310
-320
-1760
-1743
-2830
-210
-2260
-520
-3066
-1910
-2660
-610
-1450
-1120
-2230
-2310
-3418
-2393
-1450
-2090
-3100
-2250
-1020
-2590
-2690
-1452
-2020
-630
-2110
-3010
-380
1852
490
1808
930
1760
1700
1560
840
1920
1940
1850
1850
1560
1940
1040
1060
327
1802
1550
1780
1610
1730
154
1660
1930
1802
1320
1710
1803
1650
1573
1720
1160
1912
1520
1870
1850
1630
1690
-919
-746
-685
-187
-817
-550
-681
-591
229
356
727
-736
407
895
757
755
461
981
543
276
102
62
147
887
1256
-834
835
906
670
469
737
-1002
65
-727
-575
-50
-148
-104
-304
191
-264
497
36
287
-224
-216
-374
827
728
119
-399
-527
278
-747
61
-678
222
708
-858
71
-378
-688
405
675
-568
449
-441
-194
-339
-764
695
337
-525
-563
-89
411
189
-121
-165
-558
-409
-461
128
-528
-261
-558
-465
301
449
-446
-200
-60
253
-398
337
-676
-491
531
-75
-467
-808
-1508
-174
-1140
-53
-1058
-821
-1090
-1031
-630
-982
-1030
-1750
-826
-1033
-1345
-1678
-768
-649
-1123
-1153
-873
-769
-910
-914
-1025
-922
-850
-929
-986
-745
-537
-1277
-976
-787
-880
988
971
522
661
946
676
457
885
1155
1806
999
1602
977
1111
1045
1361
1701
1847
951
1842
1084
1191
1017
1441
982
979
1435
1240
1074
1017
1828
1248
918
868
817
981
1353
651
1138
1069
1094
1280
954
905
944
1014
805
927
1417
748
1323
869
488
778
625
1232
852
888
-378
-124
-20
-105
-301
-150
-181
-251
-263
-867
-477
-532
-536
-585
48
-408
-301
-339
-197
59
259
160
44
115
-412
92
-50
-360
27
-98
-354
-475
601
-109
-339
-509
-355
466
325
647
-875
445
213
-497
-533
295
442
91
-293
109
157
183
-457
551
242
-85
-14
61
375
43
525
-168
102
615
308
77
-137
725
395
451
-626
391
-404
407
351
455
725
460
508
404
274
89
32
-15
-52
-134
-310
665
-200
477
105
-651
744
263
218
-328
-424
-621
-645
-580
-271
-392
-616
-540
-668
-392
-404
-603
-518
-1200
-1418
-1672
-1507
-1526
-1231
-879
-678
-921
-555
-647
-1358
-858
-411
-899
-440
-1136
-745
-713
-705
-943
-1266
-1504
-1218
-705
-1174
-1293
-577
-830
-955
-994
-2082
-576
-1009
-944
-633
-1243
-1122
-733
-1012
-801
-1114
-1105
-837
-832
-590
-747
-532
-445
-755
-982
-902
-789
-1047
-1024
-1175
-603
-664
-682
-662
-1515
-925
-1125
-1033
-1117
-1024
-1016
-800
-1067
-1057
-1027
-831
-665
-1469
-788
-1054
-676
-1459
-782
-975
-755
-1034
-681
-1400
-1169
-617
-846
-908
-660
-640
-795
-1500
-1440
-1760
-1618
-1764
-1738
-1917
-2211
-1760
-1263
-1179
-1369
-926
-2073
-1384
-1721
-1269
-1654
-815
-814
-894
-1370
-982
-755
-826
-1407
-978
-846
-1163
-1470
-718
-1579
-945
-879
-1551
-1154
-1554
-1597
-1767
1700
1880
580
1770
1854
1680
2022
1920
1710
1910
1740
-119
-179
67
231
-106
215
-221
221
-401
-409
-683
-113
-474
-845
-522
192
-64
-1476
-556
-917
-755
-759
-480
-715
-589
-351
-215
-967
-508
331
450
815
775
658
685
-528
-799
567
531
-544
698
-1242
417
495
-577
681
-679
1055
-482
-670
831
180
838
-235
-185
360
1032
717
1031
-405
964
431
84
656
489
631
833
550
926
760
652
373
563
681
606
883
574
413
577
547
755
-1517
-1370
-1534
-671
-819
-689
-741
-921
-943
-1092
-1129
-1076
-846
-822
-1105
-747
-1135
-761
-1005
-1075
-1033
-1034
-1553
-683
-965
-1216
-843
-937
-990
-801
-425
-444
-735
-649
-303
-257
-623
-741
-252
-942
-444
-1166
-1413
-883
-915
-519
-965
-795
-890
-73
-732
-608
-713
-717
-779
-101
-507
-431
-633
-64
-485
-222
-1638
-569
-364
520
-205
348
-41
-100
-550
74
153
52
0
139
-598
192
102
184
172
-77
-576
9
187
-508
143
389
-163
187
452
414
414
449
-250
-550
-627
-880
-330
-471
-1480
-130
-710
-700
-300
-810
-2020
-1880
-1180
-980
-990
-1090
-1050
-1407
-1460
-870
-2780
-3020
-2340
-2930
-2160
-2410
-850
-790
-1270
-1240
-1260
-2773
-3110
-2710
-1790
-1780
-1490
-2880
-2970
-2040
-2790
-2240
-2433
-2540
-2910
-2910
-2760
-2870
318
229
486
440
-774
29
350
33
-537
-725
-844
127
34
926
131
-858
553
-776
682
367
47
271
607
-803
138
-185
-81
-35
-86
-17
6
76
-387
703
645
-549
428
393
-237
244
671
351
491
-182
183
662
-719
887
165
186
-84
27
-322
-1053
-1706
-927
-893
-875
-1205
-1493
-681
-1225
-1207
-920
-1199
-876
-1183
-1492
-1545
-1084
-852
-1090
-421
-1247
-647
-605
-604
-814
-940
-663
-1080
-890
-974
1531
1274
1437
1842
-977
-1512
-1092
-584
-168
-636
7
-717
-519
-1115
-107
-834
-845
-604
-774
-1034
-493
54
945
-410
59
706
795
704
1150
908
-395
975
872
-320
802
-605
72
966
521
1024
532
597
405
490
446
366
793
-546
458
453
-582
110
9
-376
-470
22
358
-533
-414
-487
-271
-5
-127
167
-256
-332
-695
-594
-93
-49
-260
-210
8
-337
-133
423
178
-228
-294
-185
-365
-677
-659
-887
-630
-401
-692
-463
-315
-732
-768
-355
290
452
787
82
701
341
14
110
648
465
-544
442
481
457
38
-70
-299
255
-208
492
97
-642
-846
221
-309
-714
-1417
-1438
-1600
-1851
-1740
-1016
-738
-954
-1061
-1479
-976
-756
-1616
-850
-1568
-1419
-775
-785
-1403
-1152
-989
-533
-703
-562
-317
-1196
-369
-377
-1195
-751
-885
-631
211
219
-86
-407
-483
93
160
-3
-14
77
192
98
153
187
107
-682
-1242
-579
-1569
-1792
-599
-930
-1461
-685
-959
-712
-1621
-775
-406
-526
-1843
-515
-576
-948
-1372
-463
-1351
-443
-1216
-1251
-798
-1036
-823
-997
-676
-953
-751
-823
-1115
-1577
-1260
-835
-936
-694
-1176
-869
-1700
-867
-1009
-1106
-1186
-1112
-787
-1617
-2188
-1733
-1073
-973
-780
-1172
-615
-1028
-1625
-2140
-1418
-2049
-1527
-1952
-973
-1107
-1406
-1126
-1081
-976
-789
-1628
-1720
-1280
1888
2220
2127
2200
2200
2210
