1366
1471
1734
1290
1024
1662
1508
1485
1276
1797
1074
1204
1763
1813
1026
1619
1406
1893
1185
1327
1545
1658
1109
1763
1457
1735
1700
1667
1809
962
1282
1592
1099
1398
1764
1511
1549
1073
930
1110
1191
1610
1163
1525
1672
1132
1306
1511
1553
1417
1503
1510
1033
1343
1332
1154
1786
1188
1154
1047
1118
975
1081
1615
1291
1235
1556
1338
1605
1345
1630
1030
1328
1740
1182
1999
2218
1004
2107
2062
1564
2138
1748
1722
807
2068
531
1670
1330
919
2050
1806
408
2255
1981
1361
1838
846
1938
2315
2211
2097
2090
2054
885
1902
1689
1921
1167
1697
1773
1343
2366
1288
2159
1916
2181
2253
911
2134
1822
743
2079
1026
2260
1720
889
2265
770
753
1712
1257
1118
1007
1428
1365
897
2175
2085
1957
2091
1320
1979
745
2270
975
1939
1829
685
2058
915
2194
1328
1438
2346
1000
2227
1820
1371
1604
2205
1016
1005
1475
1494
1363
1790
2095
1791
2273
1900
1211
1918
1180
1809
1816
2127
2313
1547
1372
1207
1909
1422
1369
2064
1211
2260
983
1963
2327
775
2289
1643
1852
2230
1133
2259
2200
2176
2089
2259
2167
1701
1200
1255
1620
1973
2079
1925
897
2076
915
1236
2117
1913
2276
2304
905
1035
1385
1065
875
1071
939
1232
1003
1138
1151
834
1166
987
1300
914
1370
1421
1220
1005
973
1028
1032
746
1394
1059
628
1347
1275
1043
1193
1500
876
937
951
1236
1025
997
984
1004
1326
1369
1347
909
838
935
1042
807
1221
1473
1459
1299
823
1041
954
1098
1095
1135
1176
877
964
1225
1331
860
1166
991
958
993
840
1150
860
1339
1340
1226
1289
1009
1212
1428
1138
1086
1152
1273
985
909
1050
702
1858
574
2185
1051
1464
1609
1237
1292
1972
1154
1665
1405
1387
1043
938
1462
2182
483
421
2297
690
2303
672
489
1640
1960
672
1580
713
1278
618
1984
459
606
520
878
374
1386
2014
1215
1336
1671
900
1356
1501
1512
1038
1135
1884
1333
1414
2053
1444
913
970
1243
416
813
720
960
2010
1305
426
2252
2357
2264
1507
1581
1999
2152
1433
1490
1574
1482
318
1021
1402
1444
1510
1585
1587
1323
2297
698
1054
1397
992
1182
1729
1510
1434
811
2169
1469
2303
1844
982
1526
470
1397
2218
1479
2348
1660
2124
480
1308
1573
1722
1172
1962
837
1513
539
2120
549
783
1512
1635
1486
477
1465
1730
1579
1493
1439
1475
495
411
1442
1468
1402
718
2365
1484
467
1359
1545
2160
1377
1387
1770
1243
769
1344
1425
949
1527
1609
1766
1717
1444
1418
1664
1977
1475
1629
2028
1162
1386
917
1387
1790
1880
1433
1617
1688
2275
1535
1100
1157
2151
1903
1674
1595
1423
1589
1508
1375
1312
2045
1708
551
1134
1460
710
2093
1377
1973
1457
1071
1416
2134
1986
394
1467
1645
1072
2115
1336
1923
1422
2060
1449
1524
1577
2340
1273
2070
1826
1535
1730
1997
1544
1282
1123
1272
760
1006
1394
1301
724
1510
1340
830
2118
616
1249
1587
433
1149
543
1426
884
1501
1012
1771
414
396
1439
2054
1804
484
1835
1213
1918
1474
1803
1593
1925
1418
1669
1501
976
1167
1271
1082
1411
1520
1470
1573
1085
891
815
665
16
440
271
917
411
430
739
31
714
815
767
911
641
574
615
811
796
44
1155
1059
872
752
385
524
802
1078
1031
909
210
-273
90
47
543
450
576
776
182
668
-96
403
771
430
675
468
1071
91
351
693
545
906
701
447
772
791
593
435
793
749
391
670
-137
588
806
244
533
374
666
-37
-152
292
481
909
130
-96
122
179
186
926
743
-199
919
637
694
682
1040
701
989
1071
1172
1160
1001
922
32
1180
1111
196
255
1002
929
1080
368
566
831
974
956
818
611
615
771
248
509
823
457
374
63
610
618
562
666
-133
800
508
349
1009
455
734
1045
1016
254
598
581
622
806
969
821
1128
898
396
170
383
346
584
611
117
1066
780
806
243
446
653
400
774
509
477
830
748
653
179
119
948
-141
723
870
810
43
1130
-139
274
1045
1060
1012
217
930
-70
482
338
-40
1013
1045
859
605
990
-40
-182
737
72
649
639
22
102
98
165
-124
342
187
170
218
-248
171
-110
350
-73
109
70
586
652
610
683
675
471
330
2359
2378
2356
2297
2521
2178
2109
2149
2303
2357
1921
2213
2305
2400
2468
1975
2050
1720
2144
2440
2336
2443
2560
1907
1800
2570
2315
2421
2450
2347
2082
1959
2030
2475
2112
2412
2491
2254
1814
1904
2250
2423
2375
1932
2193
2060
1958
2477
2020
1979
2415
1716
1843
2347
2354
2231
2422
1707
2575
2178
2422
2072
1966
1902
2263
2386
1930
2124
2542
2400
1984
2744
2052
2212
2220
2092
1951
2331
2443
2085
2457
2163
1972
2209
2302
2418
2202
1665
2246
1626
998
923
1095
1473
1237
1529
1829
941
1670
1507
1723
1374
971
1596
1047
1139
1081
1118
1647
1072
1589
1403
1014
1428
953
1145
1468
1118
1122
1012
1078
1581
1382
1548
1048
1225
1848
1594
1826
1572
1610
1113
1547
1261
1120
1489
1666
1081
1800
1532
917
1767
1638
1099
991
1169
1347
1538
1686
1184
1506
1230
1345
1504
1322
1574
1434
1858
1696
1306
1499
1517
1652
1119
1380
1671
1039
1206
1486
1481
1212
1334
1547
1073
1136
1369
1252
1157
1799
1307
1199
1118
1085
1513
141
69
194
-122
212
-65
228
85
70
339
25
443
701
363
99
488
52
75
314
182
-164
257
132
72
-254
132
526
61
-79
-313
553
201
166
518
-189
-91
258
88
165
-150
628
136
601
267
-24
475
-231
326
167
-152
-65
190
-58
69
-291
366
277
-29
385
462
20
156
-48
-204
356
449
289
142
-48
186
224
394
206
543
147
570
537
-47
183
485
320
-106
459
341
330
14
261
54
260
136
132
144
242
-98
141
81
544
-60
700
351
-147
263
-169
251
72
64
216
161
-313
618
-93
24
-169
520
373
117
160
261
92
140
253
421
-15
567
643
-19
236
-38
-104
268
583
169
743
413
588
688
345
419
636
-14
259
70
108
-104
164
162
253
-151
-56
658
600
-17
-48
-86
475
77
300
419
-138
-48
-19
-27
-31
-39
25
70
171
757
237
772
242
123
375
93
450
404
435
17
113
673
-41
107
148
-57
322
222
-51
484
25
192
226
-90
614
61
-64
58
30
31
259
462
27
461
241
-83
495
70
391
217
158
671
398
20
392
210
242
-15
-260
8
432
-7
84
243
-21
4
-58
147
328
290
-174
126
-14
718
252
408
232
693
615
-131
110
234
108
103
336
311
-84
553
36
-92
-91
347
362
209
154
-57
86
130
387
58
544
-7
301
103
147
444
2
347
276
59
12
506
116
521
635
160
45
345
-40
-85
231
117
278
81
67
154
55
134
161
139
90
66
76
-33
24
-18
89
1
646
66
307
280
505
176
56
345
147
394
474
218
422
12
149
5
380
44
161
-14
173
164
467
348
463
355
381
295
486
388
650
370
149
-16
453
419
124
15
21
444
106
34
43
75
40
75
175
-279
300
-220
-57
10
-221
123
213
123
265
370
-250
-75
176
4
-326
8
38
-112
67
-65
208
231
-283
-86
320
-160
-108
-42
14
339
-347
258
-325
112
91
-148
-200
-131
-309
-279
14
-287
-321
-102
144
434
232
-27
-140
94
-137
-180
101
-35
-211
-210
-33
-105
235
-25
-92
73
217
247
79
-127
331
-17
-91
313
271
-127
76
-159
-49
-273
-323
335
205
49
34
-375
22
-373
289
-285
196
-338
356
150
71
-189
-134
-316
137
361
-88
-86
-79
-180
-306
411
-332
398
9
-204
-220
-308
-241
-115
-319
-66
-119
-210
-158
47
-295
-37
-65
197
716
795
1030
499
838
446
652
1114
719
779
811
660
765
485
835
890
679
632
852
856
880
808
624
772
671
1074
668
646
517
779
692
665
764
994
944
762
768
708
594
744
788
801
886
620
891
629
531
368
753
780
655
1034
747
636
675
888
676
1035
663
1099
693
772
1009
599
1005
628
669
648
863
1073
620
640
648
598
636
573
783
631
1106
923
628
644
625
887
694
785
857
560
769
871
770
791
793
582
567
656
635
792
573
688
742
749
649
739
759
1081
967
841
818
899
904
854
813
695
650
647
1150
1072
710
933
808
491
541
970
916
629
641
802
812
947
716
749
834
696
422
704
478
682
835
769
679
557
511
668
612
337
544
460
504
425
460
546
467
441
638
510
922
698
845
592
631
646
750
534
658
550
472
695
684
612
798
728
656
604
684
486
749
684
612
604
771
904
729
696
698
828
700
672
661
717
747
545
488
752
729
586
522
710
416
1749
1733
1876
1628
1512
1497
1801
1624
1885
1793
1840
1509
1804
1712
1573
1682
1804
1860
1782
1856
1846
1905
1460
1852
1873
2000
1796
1861
1865
1550
1988
1875
1636
1848
1754
1838
1898
1413
1787
1856
1564
1856
1998
1753
1627
1708
1938
1566
1597
1892
1703
1942
1832
1737
1711
1577
1494
1608
1861
1759
1790
1512
1810
1698
1818
1803
1497
1971
1951
1489
1651
-40
-716
-420
-284
-590
-638
-297
-695
-423
-373
-484
-291
-224
10
-131
-680
-315
-791
-197
-218
-176
-507
-106
-471
-672
-37
25
-315
-643
-348
-590
-488
-201
-314
-542
-712
1
-630
-664
-636
-733
-127
-248
-44
-472
-286
-730
-251
-271
-216
-72
-32
-149
614
651
557
637
713
305
451
481
594
652
522
612
425
370
430
666
154
668
535
683
639
134
696
346
590
640
121
607
766
408
675
708
267
535
753
498
652
805
452
554
-143
-7
109
209
113
-84
303
82
349
-254
60
275
345
101
99
154
290
322
246
61
-201
159
-169
64
124
129
228
309
291
28
413
174
277
-42
246
-12
265
287
-152
-42
-599
-77
-150
-310
-42
-537
-172
-70
-505
-298
-153
46
-295
-121
-127
-913
-118
-125
-344
-192
-123
-418
-325
-352
187
-399
-24
-197
-77
-84
76
-149
-441
-187
-146
-348
-449
15
-342
-86
151
-8
-95
-180
-267
-124
8
-669
-37
-72
144
-255
-188
-124
-410
-556
-279
-274
-101
-222
-257
-149
-334
-178
-102
-97
-103
-180
97
-74
-175
-408
-586
-234
-139
-226
-382
-57
-233
-51
-157
-24
-239
-418
-134
-413
-326
-217
21
-493
-424
4
-544
-84
-267
-454
96
-455
-339
-472
-265
-514
-117
-655
-750
-556
-413
-281
-770
-618
-455
-785
-700
-771
-576
-762
-702
-597
-641
-497
-607
-518
-323
-297
-521
-638
-241
-721
-551
-481
-318
-701
-451
-704
-688
-715
-627
-508
-754
-535
-823
-787
-748
-232
-423
-476
-622
-654
-305
-721
-532
-823
-456
-470
-511
-620
-597
-801
-878
-1110
-439
-592
-488
-708
-759
-492
-825
-336
-270
-296
-694
-565
-533
-783
-618
-507
-720
-137
-417
-687
-321
-814
-305
-610
-542
-375
-408
-648
-507
-497
-591
-402
-590
-373
-729
-595
-623
-429
-635
-332
-346
-793
-609
-416
-903
-467
-657
-183
-359
-523
-387
-516
-358
-417
-261
-695
-371
-1060
-921
-821
-324
-536
-577
-385
-438
-438
-684
-673
-851
-433
-730
-316
-601
-457
-550
-191
-297
-284
-359
-969
-686
-292
-622
-499
1260
1139
1724
1853
1310
1667
1018
1551
1190
1487
1523
1150
1157
1189
1124
1644
1678
1369
1008
1634
1569
1399
1541
1051
1302
1284
1665
1693
1630
1253
1053
1130
1191
1070
993
1474
1299
1613
1335
1732
1580
1397
1634
1829
1302
1703
1237
1660
1558
1658
1116
1804
1557
1595
1814
1456
1176
1637
1591
1533
1644
981
1425
1855
1347
1283
1039
1752
1216
1223
1660
1170
1756
1562
1824
1327
1771
1380
877
443
874
662
677
418
883
780
550
289
443
502
667
817
603
562
758
283
588
900
811
809
733
525
489
869
687
554
396
904
807
728
699
758
580
508
634
551
625
577
515
912
383
389
585
690
413
327
466
691
630
633
629
844
317
742
870
711
521
638
684
817
403
714
667
661
667
452
190
505
424
881
672
928
817
794
552
732
681
386
777
852
732
599
755
736
713
564
439
626
585
529
560
511
517
795
523
434
561
843
427
757
540
378
652
398
598
656
541
365
661
702
296
830
386
656
822
872
567
594
743
694
576
722
700
548
258
-4
201
255
-45
57
344
301
350
115
-10
-146
403
344
418
351
112
-102
131
134
161
94
306
-509
246
399
53
203
-106
459
-105
217
443
264
-66
408
203
-39
113
303
368
12
-53
-385
64
-286
91
273
-230
427
106
82
13
90
225
-151
366
332
-315
393
-215
130
-207
-85
160
253
44
-85
-359
207
-40
-84
331
340
341
277
-160
134
-26
215
-531
23
-403
395
371
78
405
251
365
68
70
-266
402
-183
136
178
-58
-11
-595
245
19
45
238
36
11
-204
-178
-136
184
127
-505
-224
-168
119
217
-291
287
177
172
7
205
283
348
296
198
-74
-117
174
378
339
-106
-663
-524
34
96
-454
64
-35
32
67
258
136
-494
116
259
339
-695
314
167
-468
141
175
278
276
193
73
-177
123
9
270
-144
189
-57
-468
-267
34
229
-250
-346
143
307
175
1
-262
286
123
-209
220
-94
214
33
222
331
68
66
51
-460
167
178
40
-120
190
-566
130
-172
-478
-23
-23
-39
11
185
-472
-142
-281
161
208
-162
472
362
433
654
559
576
463
487
289
390
508
548
496
712
831
670
287
522
520
542
555
433
297
758
565
492
507
286
493
285
602
428
227
512
507
201
724
696
532
234
418
398
707
693
494
306
614
509
694
237
71
493
427
447
523
490
813
642
676
327
241
454
547
604
563
481
602
547
267
407
613
522
567
679
457
525
681
519
413
360
601
580
371
756
472
598
537
605
603
432
469
357
311
309
174
443
550
462
531
629
328
393
648
267
497
655
526
644
590
459
608
753
428
543
420
476
631
234
467
624
576
581
475
466
509
202
710
559
576
516
330
456
367
201
690
180
241
356
252
557
1594
409
472
1389
699
878
817
1395
1603
1181
2037
203
818
496
644
253
363
597
1658
718
822
556
1053
1605
1382
503
592
600
1015
832
280
463
840
825
628
990
1389
814
306
480
510
579
632
1084
621
460
1601
2017
558
800
896
569
713
522
1004
1151
985
594
315
722
1715
493
698
1849
1347
1612
643
819
968
739
1233
1374
769
719
563
302
782
1488
771
1095
923
833
876
779
628
881
862
493
694
914
749
878
373
965
1588
598
1091
993
393
61
792
932
-400
-393
-423
-497
-201
7
-44
-740
-125
-317
41
-324
15
-110
-219
-561
-11
-11
-357
-273
82
75
-280
-244
-442
-485
-304
-192
-154
-166
-101
-461
488
254
270
509
431
547
204
301
288
616
239
523
595
494
-19
406
560
460
321
465
169
680
375
214
682
516
316
474
286
104
120
447
484
296
308
478
819
1687
980
1348
1070
1586
1320
418
1721
1987
1567
1730
1273
816
1411
1386
1329
1767
807
1667
1710
408
1861
1172
1169
999
1783
1674
1373
654
882
434
982
1825
1577
1131
803
1442
1572
1180
1543
1009
925
1187
1607
750
1138
1709
929
1466
667
621
761
798
764
1722
1537
1414
1223
1233
732
1680
1058
1514
1587
863
1747
728
1541
1601
1198
994
1851
1808
1724
1479
1640
1654
1972
1018
1787
1251
620
1373
714
1799
709
1513
1352
609
1807
1084
1305
726
1492
1600
1130
1184
1265
1071
587
1466
778
1796
1772
621
1089
1597
1069
1167
1327
1651
805
1469
1048
1282
1422
917
992
353
1720
1661
933
1150
1430
923
949
1489
999
1487
1170
1014
766
1917
1535
779
1570
952
740
547
894
366
1751
1576
1588
1340
1900
1615
1738
1278
1450
412
1342
-120
12
-53
-2
-116
160
-217
-29
-27
-4
-79
-39
-46
-457
-15
-466
241
65
-316
41
-358
-360
-249
-245
-61
-237
-453
52
-275
-197
-297
40
-123
-77
348
-187
-205
-33
-13
-135
34
-130
21
92
-17
-193
-257
73
-316
287
-45
43
110
-501
-99
34
-424
-158
-393
-90
-249
-135
19
-51
-478
-496
-261
151
85
383
-48
-495
-12
-559
353
139
-84
265
-344
-490
-203
353
-30
-228
-156
-311
87
-644
204
294
5
-144
-160
584
-145
-406
-17
-164
60
-565
140
282
-13
-416
-331
-419
26
80
-107
-17
-93
-330
359
-270
-204
122
-269
110
-261
78
-160
-263
69
990
1043
957
1203
860
1132
428
1296
109
1096
750
867
359
452
956
987
802
654
1195
692
972
1172
1066
1104
1066
911
903
1061
917
1017
1061
1148
1116
878
808
938
776
998
253
1032
1066
933
833
587
850
1080
846
952
970
570
1037
1175
682
1126
938
906
896
875
1221
1037
1081
1123
753
983
1068
1175
858
783
-10
931
948
832
873
1069
780
886
1008
1269
937
956
1021
836
928
950
766
1013
899
966
997
914
975
1457
812
349
853
1035
844
513
794
1066
1024
774
835
1144
1100
1014
1269
1020
876
811
923
-316
56
-398
-102
-752
-395
-737
-587
20
-173
-510
-648
-595
-175
-628
-939
-263
-703
-714
-725
-126
-272
-560
-330
-461
-841
-622
-465
-522
-137
-700
-310
-459
-638
-83
-524
-464
-609
-502
-912
-819
-539
-449
-560
-825
-630
-473
-186
-256
-54
-664
-486
-591
-516
-567
-119
-373
-919
-760
-664
-398
-550
-298
-534
-698
-468
-652
-660
-833
49
-707
-548
-373
-470
-78
-431
-136
-387
-590
-757
-793
-689
-589
-243
-389
-844
-757
-779
-629
-349
-487
-462
-672
-189
-273
-589
-602
-517
-575
-540
-489
-677
-340
-365
-199
-832
-608
-380
-759
-489
-410
194
97
201
373
258
83
415
58
28
166
247
222
405
12
142
97
142
394
499
93
417
224
255
204
229
172
291
52
263
164
160
150
135
273
70
287
106
103
117
737
89
433
63
269
25
46
181
451
12
108
140
289
140
394
68
43
427
78
138
439
415
173
82
197
0
-119
206
334
232
485
72
129
137
25
13
280
565
-103
426
189
650
171
224
81
92
71
150
109
183
104
647
30
508
105
66
131
86
1270
1362
1273
954
1174
1299
1449
1022
931
1305
1040
919
1116
919
1193
1217
1495
975
1321
1001
982
1139
1327
1332
910
1251
1408
1004
941
1161
1062
1480
1461
1097
1179
858
1283
1221
1009
1382
971
993
976
1239
959
1274
1147
1199
1350
925
909
1173
1352
1174
1410
1531
834
914
1004
1161
863
1128
1022
1337
1187
1290
1329
990
1469
1226
1342
1191
1008
1052
1048
828
1178
1097
1006
1009
1305
1219
905
908
1249
1081
1065
951
1076
1098
1303
1164
1038
1104
916
1043
1002
1130
1288
802
1024
1349
1091
1376
981
1228
1220
1348
1214
732
487
274
491
935
142
1198
369
849
226
377
384
329
450
614
717
1258
360
688
680
950
170
468
722
983
282
1144
776
755
811
738
446
-10
747
484
529
537
769
906
229
404
406
984
191
260
799
825
586
686
785
560
828
328
1109
1128
71
803
288
72
529
489
588
552
587
810
745
468
200
433
616
833
199
681
186
258
484
736
339
352
1192
1221
372
784
391
570
722
853
340
338
320
392
521
324
180
649
821
650
286
331
658
520
449
287
809
424
598
2
201
441
861
734
589
473
426
482
379
568
641
727
397
718
705
1274
1159
544
595
682
476
951
381
474
583
924
981
494
209
414
820
225
386
320
400
768
330
367
387
786
507
225
562
414
371
1042
913
405
387
481
367
591
615
234
422
660
303
866
133
372
128
232
-133
-75
299
271
90
140
395
98
-117
306
272
116
-16
-9
431
272
118
433
124
334
88
372
229
109
161
146
287
340
490
134
299
356
355
267
63
335
279
376
129
417
-34
324
337
-198
164
104
233
217
389
46
257
524
176
365
116
148
83
329
-111
297
405
328
317
337
474
329
483
355
92
324
-235
91
231
489
328
426
285
85
322
381
213
358
285
368
237
60
278
190
154
203
197
-67
133
46
58
431
284
-12
221
432
-109
427
201
418
337
300
84
321
1236
1440
1189
1346
1364
1519
1255
1396
1263
1317
693
1161
1137
1253
1152
1094
1099
1185
1330
1123
1286
1273
1227
1168
1349
1215
1401
1135
1460
1160
1441
1085
1194
1376
1273
1048
1032
1060
1185
1322
1125
1335
1030
1393
1285
1244
994
1182
1090
1222
1077
1057
1261
1419
1214
1149
1187
1040
1115
1068
1487
1481
1202
1221
1122
1339
1282
1013
1104
1077
1469
207
-41
95
479
-333
139
-397
629
404
193
-140
186
18
-348
-278
166
-51
-229
431
38
250
-336
-320
-382
-248
434
260
365
129
-167
-158
65
592
347
278
-527
-35
-143
-208
-60
392
148
82
-250
-83
306
345
118
-129
-158
231
437
446
-191
324
-383
336
104
144
241
203
-86
-385
332
-34
-166
453
-52
350
203
232
-252
-208
-254
87
187
-381
40
-9
393
451
93
-159
-220
282
221
171
240
480
481
-63
527
306
345
278
-265
530
180
8
418
348
-258
104
278
281
-341
-226
-474
565
48
-593
-181
192
119
70
-552
156
415
-522
-515
-239
7
42
344
262
390
145
546
1055
945
706
970
1016
906
795
883
959
836
797
895
809
989
754
1010
956
878
1058
879
689
947
878
854
796
937
757
850
781
1134
940
883
950
1148
879
835
1005
831
1009
784
861
853
984
937
793
838
770
890
913
1038
933
943
975
821
893
768
820
821
907
1017
936
718
698
830
629
964
787
7
989
943
966
754
781
828
737
793
744
830
1065
847
723
975
810
854
686
817
1000
961
765
868
993
799
914
707
805
792
760
877
811
874
776
851
947
863
1014
1915
1682
2448
1968
2039
2151
1952
1666
1991
1630
1998
1502
1592
1687
1646
1689
1869
1838
1913
1662
2081
1985
1982
2238
1809
2400
1763
2106
1757
2288
1871
1974
1297
2497
1273
1359
1400
2125
1976
1853
1367
1711
1816
1795
1602
1921
1510
1853
2316
1608
2068
1245
2308
1856
1372
2329
1938
1693
2473
2339
1722
1820
1210
2212
2142
1458
1716
2167
1457
1240
1632
1858
1931
1784
1610
2023
1809
1938
1688
1453
1708
1633
1750
1763
1544
2288
2208
1647
1310
2132
1462
1956
2144
1203
1484
1563
2177
1402
1763
1927
1536
1210
1529
2204
1619
1576
1890
1499
2402
1693
1664
2493
2548
1619
1894
2163
1393
1139
1890
1813
2065
1978
1525
2227
1688
1930
1996
2245
1398
1624
1374
1770
1810
1796
1565
1670
1730
2143
1990
1634
2020
1913
1546
1674
1758
1189
1539
2083
1586
2457
1419
1485
2419
1650
1445
1359
1656
1813
1744
2010
1971
1959
2123
1888
1779
1564
1424
1674
1742
1540
1902
2018
2123
1483
1698
1942
1832
1936
2509
1669
2435
1585
1740
1431
1625
1437
1468
1626
1831
2211
2349
1583
1471
1890
1975
1184
1526
1872
2011
1670
1715
1975
2070
1821
1883
1838
1800
1518
1878
1483
1941
2269
2570
1877
2522
1997
1636
1349
1199
1394
1888
1687
1117
1784
1829
1598
2435
1811
1586
1680
1670
1478
1557
1626
1536
1704
1677
1886
2085
2020
1798
1390
1400
1903
1909
1588
1584
1942
1179
1986
1993
1184
2097
1482
2221
2021
1831
1071
2218
2105
1455
1464
1572
1379
2020
1989
1999
2369
2375
2109
1641
2186
2096
2345
1775
1662
1370
2490
1991
2018
2223
2080
2613
1704
1863
2337
2160
1809
1580
1578
1602
1776
1676
2004
2032
1810
1708
1915
1459
2588
2064
1957
1623
1483
1267
1861
1322
1766
1397
2376
2064
1674
1947
1911
2528
1336
1597
1555
1737
1919
1194
2319
2256
1433
1588
1869
1625
2050
1431
2091
1551
1639
2280
1721
1845
1895
1485
1421
1538
1613
2340
1754
1842
1267
1436
2294
2114
1836
1887
1848
1602
1501
2291
1431
2515
1565
1723
1532
1836
1484
1984
2396
650
587
-218
372
614
585
959
458
412
1097
812
642
-180
852
544
599
625
-15
432
448
1121
884
551
855
810
842
767
789
480
667
16
592
475
226
496
753
828
75
748
481
883
176
693
-182
853
363
901
987
638
502
624
632
807
550
548
641
652
592
860
342
406
505
54
1120
842
208
989
491
653
353
1060
846
572
891
660
93
281
1377
684
693
461
455
449
512
1569
386
285
548
758
1074
796
292
485
631
374
682
601
305
543
862
755
554
583
625
961
622
319
565
311
972
865
298
649
763
72
813
249
550
413
1332
797
203
604
724
657
706
108
750
-49
325
135
605
154
284
284
614
518
616
443
393
917
363
557
568
1059
850
441
177
1353
-220
-275
-205
-464
-357
-261
-680
-285
-296
-560
-585
-479
-993
-527
-403
-420
-426
-199
-226
-251
-168
-446
-209
-358
-384
-285
-612
34
-337
-498
-142
745
928
718
711
806
764
181
732
553
596
613
610
818
637
821
360
898
830
749
876
773
568
575
902
743
751
920
505
893
593
982
871
503
658
740
673
520
525
562
995
861
411
986
859
783
661
867
511
756
784
779
794
927
369
628
304
406
312
744
678
673
775
673
653
577
772
815
671
943
680
563
566
554
578
899
889
867
664
897
524
881
1023
587
857
905
826
534
591
357
539
602
781
446
789
143
353
775
707
209
600
70
762
666
290
316
793
131
89
113
552
661
80
316
164
110
635
336
570
-23
683
570
463
-44
500
345
114
723
424
410
160
886
568
560
266
182
256
681
838
873
-36
-36
285
-218
659
697
624
775
371
669
114
208
794
171
759
-196
693
537
-205
701
153
775
211
702
398
-79
164
722
176
755
223
414
560
8
524
704
614
490
536
93
737
615
50
-51
739
-62
524
254
220
305
267
576
215
732
369
746
628
662
390
766
12
807
97
574
769
26
316
734
380
-98
161
168
189
585
-88
-204
357
565
385
151
166
393
603
575
520
337
445
506
482
97
26
591
471
611
540
535
700
392
308
541
483
122
598
445
726
540
706
483
475
412
381
715
663
712
362
379
551
103
438
590
370
428
460
362
492
470
327
693
268
329
572
340
592
322
493
393
510
298
-174
450
458
434
468
12
419
526
561
507
485
494
571
410
473
772
569
-139
-393
-524
-596
-351
-124
-218
-443
-114
-500
-243
-113
-446
-358
-589
-566
-404
-364
-137
-420
-198
-568
-511
-213
-315
-374
-579
-313
-583
-199
-471
-206
-249
-208
-620
-548
-578
-482
-406
-117
-464
-135
-256
-128
-428
-549
-610
-374
-290
-406
-454
-167
-486
-222
-553
-592
14
-358
-51
-266
-480
-265
-584
-425
-597
-257
-431
-263
-335
-430
-378
-209
-609
-500
-524
-456
-111
-668
-582
-355
-269
-371
-488
-520
-409
-586
-101
-315
-298
-583
-583
-562
-189
-217
-166
-11
-451
-134
-130
-478
21
-544
-151
-627
-451
-583
-43
-560
-500
-292
-470
-427
-614
-415
25
-413
-243
-558
-462
-423
-148
-255
-156
-432
-436
-326
-221
-125
-429
-292
-201
-127
-346
16
-176
-601
-55
-514
-612
-180
-328
42
472
-184
687
164
-39
202
-141
539
179
397
-415
-305
-110
446
114
439
-160
502
618
100
719
114
535
94
284
430
425
104
-393
-310
-376
210
95
226
232
546
312
452
211
358
113
173
-10
391
-1
166
-104
244
381
389
-151
59
387
240
12
296
421
367
-4
16
686
-330
82
109
-4
393
63
584
-65
-339
68
82
381
-220
646
297
607
727
-343
521
162
298
262
380
95
-5
206
116
186
205
-143
-258
-170
182
341
380
387
429
578
345
679
471
-64
86
262
345
523
945
679
323
297
16
653
-600
-650
-690
-316
-90
130
-760
-680
-320
-1280
-2120
-2310
-2840
-950
-1630
-1780
-1470
-2170
-380
-720
70
370
-1360
-1510
-1640
-1140
-1880
90
-780
-1530
70
-1886
-1990
-2070
-1480
-790
16
-2010
-1570
-40
-750
-1420
-424
-690
-750
-1520
-610
-550
-10
-554
-1100
-87
-661
-800
-1460
-210
-2006
-2240
-1460
-750
241
-260
-740
-1250
-1520
-1608
-760
-677
-1530
-1900
-1204
-190
-713
-1160
110
-838
-797
-2110
260
-1130
-80
-2347
-1250
-1681
-227
-640
-570
-1320
-1300
-1394
-1460
-670
-1190
-2080
-1360
-360
-1610
-1840
-704
-980
-220
-1120
-2050
20
2680
1480
2451
1820
2560
2150
2120
1640
2404
2510
2450
2670
2190
2510
1970
1890
1526
2696
2400
2540
2700
2360
1002
2490
2440
2391
2380
2426
2489
2500
2418
2560
2330
2603
2340
2670
2480
2540
2600
962
462
877
1240
714
925
1035
1077
1725
1958
1963
840
2432
1863
2295
1987
2222
2174
2149
1656
1438
963
1941
2036
2165
717
2041
1821
1998
2032
2031
811
2146
261
441
844
833
988
743
1384
735
1759
1340
1552
803
676
645
1856
1757
1061
589
527
1450
305
1053
295
1429
1751
273
1146
562
337
1575
1823
581
1597
639
1152
683
637
1845
1529
493
532
1371
1647
1101
827
1027
809
877
592
1205
648
1022
582
586
1599
1518
669
778
1398
1611
600
1500
694
776
1753
373
207
-17
-294
559
228
762
-260
44
-190
106
357
-76
59
-548
139
40
-369
-795
-2
94
-196
-251
93
-7
-117
-63
-25
35
71
118
28
250
245
-427
84
66
156
2424
2208
1985
2174
2147
1861
1954
2109
2415
2434
2244
2500
2189
2147
2219
2362
2511
2463
2167
2384
2185
2196
2214
2500
2203
1880
2433
2501
2410
2288
2475
2449
2128
1882
1901
1988
2430
1930
1887
2307
2420
2249
2271
1944
2365
2070
1900
2296
2329
1861
2485
1958
2007
1983
1937
2192
2010
2139
532
780
1074
1063
670
949
844
545
760
295
668
492
478
400
854
457
844
707
623
1143
1069
1263
854
1135
615
925
955
696
1087
761
496
452
1315
938
757
432
560
1743
1212
1736
226
1735
1511
549
543
1613
1756
1188
669
1130
1104
1199
659
1674
1458
946
1041
1167
1742
969
1890
811
1102
1779
1537
1028
894
1736
1881
1652
610
1520
785
1694
1587
1565
1867
1687
1547
1522
1640
1130
1142
1391
1136
1015
886
1874
850
1576
1779
1057
1859
1362
1324
801
761
590
808
591
878
618
545
483
557
538
759
633
551
-277
-188
-653
-491
-521
-74
116
204
55
284
255
-271
220
371
-34
384
-121
104
206
204
72
-284
-289
-109
158
-195
-174
343
197
54
-78
-1040
302
196
-21
229
-218
-43
255
19
317
-73
-12
21
175
319
405
375
333
183
-6
191
86
-236
56
-279
59
169
180
1
-327
112
-113
24
-110
-85
-47
168
-96
-217
-210
-100
-14
-280
86
-145
114
-527
62
-188
59
-47
46
-567
-450
124
-28
13
51
233
54
-437
-433
-692
-719
-656
-734
-815
-830
-652
-335
-145
-423
15
-1001
-443
-541
-367
-386
147
115
462
-41
-72
231
436
-279
294
299
63
-159
425
-422
66
480
-297
-155
-406
-440
-384
2410
2650
2136
2526
2658
2570
2470
2590
2485
2430
2630
1436
1628
1637
1853
1912
1705
1444
1744
1228
1418
962
1169
1093
945
1087
1384
1823
607
931
-211
794
744
563
976
1085
1415
1718
1076
849
1903
1522
2034
1988
1872
1978
974
674
1591
1918
1327
2222
156
2136
1835
828
1600
998
1836
604
924
2061
1630
2187
1293
928
1075
1880
1971
1589
1405
2272
1379
539
1414
1373
1553
1434
1456
1491
1529
1523
1395
1538
1495
1364
1409
1722
1259
1461
1493
1679
-354
-111
-496
543
589
473
671
432
243
569
339
37
133
583
179
599
437
270
159
266
452
218
-212
193
294
263
167
409
339
725
215
796
366
588
455
598
753
145
491
355
311
118
-28
8
43
159
271
210
-126
520
219
248
229
127
-409
491
177
40
72
414
331
574
-46
1072
489
1291
658
1258
589
513
163
740
672
794
658
730
437
833
802
792
801
412
-104
631
719
272
690
1231
664
820
1189
1002
1025
1206
310
-60
-86
-340
230
35
-720
300
-310
-70
280
-170
-1070
-1120
-430
-350
-410
-600
-540
-725
-670
10
-1880
-2110
-1530
-2060
-1340
-1510
-260
-350
-650
-530
-490
-1876
-2220
-1700
-800
-710
-670
-2030
-2120
-1410
-1750
-1230
-1631
-1040
-2200
-2180
-2200
-2020
1495
1999
1882
1594
60
1217
1590
941
557
152
275
1093
1012
1789
1271
334
1846
202
1889
1826
1098
1302
1801
203
1194
775
859
988
974
944
1119
1152
714
1941
1773
526
1545
1593
1056
1592
1908
1532
1626
992
1449
1803
455
1806
1255
1386
1139
1188
897
263
-471
125
119
-13
-161
-299
311
-61
-220
163
-115
245
-71
-314
-64
-122
249
-79
300
-125
278
272
251
334
-84
267
-62
195
198
2404
2138
2464
2424
471
-122
809
543
2092
1263
1794
730
1304
1113
1522
1354
1076
717
705
152
715
1788
1859
1004
1727
1969
1724
1812
2045
2183
720
1973
2222
1453
2239
461
1568
1969
1496
1852
1510
1765
1637
1281
1368
1398
1452
621
1429
1493
349
1149
1127
622
521
1196
1096
494
638
595
646
1057
899
1098
959
901
351
368
928
1041
873
605
1049
595
1027
1803
1349
763
756
714
629
429
316
164
306
580
234
446
625
232
262
674
1493
1973
1933
1064
1742
1402
1034
1191
1721
1566
610
1668
1747
1636
1193
1109
881
1636
1138
1734
1164
285
674
1475
922
600
-269
-463
-172
-412
-236
279
380
197
105
-71
518
723
-545
368
157
-181
550
252
14
-47
547
573
-3
380
209
-80
217
495
-158
219
-131
47
933
742
629
491
68
709
789
729
627
758
747
733
826
814
774
597
-63
358
-385
-465
223
96
-383
384
90
344
-527
293
325
368
-522
324
150
-56
-202
310
-133
260
-266
-330
7
-110
-80
-96
220
38
4
-6
-279
-552
-307
-13
116
23
5
29
-477
182
-360
-217
-136
197
301
-451
-709
-538
89
576
457
43
504
501
-427
-928
-423
-809
-337
-447
222
-93
-534
-138
28
291
297
-450
-562
-109
2642
2762
2720
2820
2790
2910